14220.644141618459	750	4.0	6.835416697573638	450283	6835.416697573638	0.26672006	-28.642291799566642
14223.950679840522	300	4.693461777936518	0.0	155580	3306.5382220634815	0.24092892	-0.15000000000000002
14226.136997198464	300	6.507144419993679	0.0	139857	2186.3173579428385	0.045088828	0.3
14228.172812972309	300	8.471328646148999	0.0	155432	2035.8157738446798	0.06904777	0.3
14229.946123372869	300	10.698018245588635	0.0	163442	1773.310400560364	0.14275749	0.3
14231.944053942736	300	12.700087675722632	0.0	126289	1997.9305698660023	0.33910993	0.3
14233.307758882325	300	15.336382736134434	0.0	153295	1363.7049395881982	0.15829696	0.3
14234.784006860089	300	17.860134758370997	0.0	173849	1476.2479777634353	0.41931862	0.3
14236.14074485299	300	20.503396765469446	0.0	150710	1356.7379929015528	0.6860475	0.3
14237.308679718453	300	23.33546190000575	0.0	139105	1167.9348654636954	0.75166744	0.3
14238.34996149299	300	26.294180125470902	0.0	141840	1041.281774534847	0.8942058	0.3
14239.434827911353	300	29.20931370710715	0.0	156148	1084.8664183637525	1.0108701	0.3
14241.99924845303	750	30.644893165429338	0.0	386351	2564.4205416778127	1.070571	0.3
14245.031641942545	750	31.612499675913277	0.0	434409	3032.393489516059	0.60012496	0.75
14247.387242559267	750	33.25689905919129	0.0	337059	2355.600616721985	0.7321417	0.75
14249.759682886373	750	34.88445873208451	0.0	366214	2372.440327106779	0.76756036	0.75
14252.086497704797	750	36.55764391366124	0.0	360831	2326.814818423269	0.79159576	0.75
14254.369729003607	750	38.27441261485067	0.0	372963	2283.2312988105664	0.89459133	0.75
14256.983970930676	750	39.66017068777921	0.0	405596	2614.2419270714568	0.88754404	0.75
14259.548327949453	750	41.09581366900382	0.0	350713	2564.3570187753926	0.88991076	0.75
14264.458995231595	1200	40.18514638686224	0.0	601738	4910.667282141572	0.9096099	0.75
14269.53316785099	1200	39.110973767467286	0.0	616206	5074.172619394958	0.28968653	1.2
14274.144541030597	1200	38.4996005878608	0.0	656471	4611.37317960649	0.24701661	1.2
14277.406272813754	1200	39.23786880470399	0.0	536667	3261.7317831568075	0.27685755	1.2
14280.938908701864	1200	39.70523291659311	0.0	587236	3532.635888110884	0.4644733	1.2
14283.94007809846	1200	40.704063519999075	0.0	590335	3001.1693965940335	0.39691663	1.2
14287.543181343719	1200	41.1009602747385	0.0	696376	3603.1032452605727	0.39514613	1.2
14290.11735527346	1200	42.52678634499795	0.0	487160	2574.1739297405506	0.4604134	1.2
14293.782419006226	1200	42.86172261223298	0.0	622896	3665.0637327649656	0.49696124	1.2
14298.660246996953	1200	41.98389462150472	0.0	641447	4877.827990728267	0.40361398	1.2
14303.058671333682	1200	41.585470284775106	0.0	570392	4398.424336729612	0.34818888	1.2
14309.576829983436	1200	39.06731163502179	0.0	620283	6518.15864975331	0.32436594	1.2
14314.706276450926	1200	37.93786516753079	0.0	584349	5129.446467491007	0.32075962	1.2
14318.937088451414	1200	37.70705316704337	0.0	670129	4230.812000487412	0.3043944	1.2
14324.216371874227	1200	36.427769744229806	0.0	690253	5279.283422813563	0.47860622	1.2
14329.68232903072	1200	34.96181258773555	0.0	598727	5465.957156494259	0.38274315	1.2
14335.2117914058	1200	33.4323502126556	0.0	487812	5529.46237507995	0.56918526	1.2
14340.298404120796	1200	32.34573749765893	0.0	575591	5086.612714996671	0.48485497	1.2
14345.53419429482	1200	31.10994732363616	0.0	605884	5235.790174022767	0.47806337	1.2
14351.274556876717	1200	29.369584741738397	0.0	587506	5740.3625818977625	0.5117762	1.2
14355.907590045563	1200	28.736551572893404	0.0	566904	4633.033168844991	0.6341126	1.2
14360.082906902504	1200	28.561234715952843	0.0	641452	4175.316856940562	0.5674724	1.2
14364.414944082613	1200	28.22919753584122	0.0	599477	4332.037180111623	0.7078678	1.2
14371.820782017392	1200	24.823359601063846	0.0	634861	7405.837934777373	0.56671834	1.2
14376.48506740175	1200	24.159074216705275	0.0	630203	4664.285384358573	0.6697692	1.2
14382.30767929933	1200	22.336462319125342	0.0	638661	5822.611897579933	0.7268063	1.2
14387.007872216129	1200	21.63626940232512	0.0	538612	4700.192916800222	0.85791224	1.2
14392.651845323837	1200	19.99229629461789	0.0	550906	5643.973107707229	0.8473919	1.2

