6105.69274631385	750	4.0	1.1823497891980714	450283	1182.3497891980714	1.2812853	-4.334104093551707
6107.216965400646	1200	6.475780913204564	0.0	611087	1524.2190867954364	1.0947524	0.75
6108.814599591051	1200	8.878146722798801	0.0	571051	1597.6341904057629	0.7596277	1.2
6110.2740229964475	1200	11.418723317403025	0.0	617681	1459.4234053957775	0.8859502	1.2
6111.853612012163	1200	13.839134301686892	0.0	652874	1579.5890157161325	0.73787284	1.2
6113.0925221790785	1200	16.600224134771203	0.0	520315	1238.9101669156867	1.2077665	1.2
6114.443250204768	1200	19.24949610908193	0.0	561791	1350.728025689273	1.0715988	1.2
6116.2183736807065	1200	21.474372633143794	0.0	709534	1775.1234759381373	0.9963666	1.2
6118.626746274105	1850	23.066000039744974	0.0	852833	2408.372593398822	1.0885502	1.2000000000000002
6121.0002565598115	1850	24.692489754038704	0.0	913888	2373.51028570627	0.5140469	1.85
6123.178114546446	1850	26.514631767405355	0.0	939819	2177.8579866333494	0.5587579	1.85
6125.64382086336	1850	28.048925450491232	0.0	917428	2465.7063169141206	0.58574337	1.85
6127.953307020435	1850	29.73943929341601	0.0	946851	2309.486157075223	0.54566795	1.85
6131.261417056068	1850	30.43132925778344	0.0	1036454	3308.11003563257	0.5643747	1.85
6134.101732097883	1850	31.591014215968634	0.0	821631	2840.3150418148084	0.6379276	1.85
6136.443812624617	1850	33.24893368923483	0.0	923170	2342.0805267338046	0.51188505	1.85
6138.906610082713	1850	34.786136231138336	0.0	966699	2462.7974580964956	0.6000891	1.85
6141.061743817989	1850	36.63100249586231	0.0	885714	2155.133735276025	0.7102878	1.85
6143.655688873293	1850	38.03705744055808	0.0	987708	2593.945055304232	0.7477293	1.85
6146.073592392331	1850	39.61915392152021	0.0	923755	2417.903519037871	0.7526116	1.85
6149.137092177251	1850	40.55565413660011	0.0	891604	3063.4997849200936	0.7673321	1.85
6151.888919795413	1850	41.80382651843766	0.0	955231	2751.82761816245	0.6800457	1.85
6154.1165648655415	1850	43.57618144830986	0.0	968026	2227.645070127798	0.7387197	1.85
6156.169486081895	1850	45.523260231955966	0.0	874175	2052.9212163538896	0.9597965	1.85
6158.719066742956	1850	46.973679570896124	0.0	897976	2549.580661059843	1.0212955	1.85
6161.225145690812	1850	48.467600623039964	0.0	905935	2506.0789478561564	0.99293655	1.85
6164.187914390029	1850	49.504831923823616	0.0	1076599	2962.7686992163485	0.99661887	1.85
6166.263383386773	1850	51.42936292707856	0.0	758197	2075.4689967450577	1.0130823	1.85
6168.782050706319	1850	52.9106956075333	0.0	972798	2518.667319545259	1.1011002	1.85
6175.579685846535	4300	50.11306046731728	0.0	2164140	6797.635140216017	1.0517719	1.8499999999999996
6180.294712038284	4300	49.39803427556761	0.0	2113193	4715.026191749674	0.21884248	4.3
6185.161306543917	4300	48.53143976993516	0.0	2147852	4866.594505632448	0.17280136	4.3
6190.685085467662	4300	47.00766084618893	0.0	2191074	5523.778923746235	0.17717862	4.3
6195.489140203759	4300	46.20360611009272	0.0	2286761	4804.054736096208	0.23482522	4.3
6200.263973091383	4300	45.42877322246805	0.0	2307787	4774.832887624671	0.18079533	4.3
6205.834598091745	4300	43.858148222107005	0.0	2143948	5570.625000361045	0.100597754	4.3
6212.110287082465	4300	41.58245923138624	0.0	1919781	6275.688990720765	0.12905505	4.3
6221.830143853542	4300	35.862602460310406	0.0	2147467	9719.85677107583	0.34148216	4.3
6228.812364845853	4300	32.88038146799894	0.0	2133870	6982.220992311471	0.36282465	4.3
6236.654162373489	4300	29.038583940362763	0.0	2146120	7841.797527636178	0.47027603	4.3
6244.749568301149	4300	24.943178012702848	0.0	2108491	8095.405927659916	0.57886386	4.3
6253.3668093277665	4300	20.32593698608619	0.0	2184571	8617.241026616655	0.7503149	4.3
6257.78122608326	2850	19.911520230592377	0.0	1343002	4414.416755493814	0.9161904	1.4000000000000001
6261.821148185786	2850	19.87159812806614	0.0	1587250	4039.9221025262373	0.34908587	2.85
6265.198161633193	2850	20.494584680658285	0.0	1464921	3377.013447407854	0.38889185	2.85
6268.698588495241	2850	20.994157818611463	0.0	1483527	3500.4268620468224	0.4478082	2.85
6272.142513132936	2850	21.550233180916113	0.0	1231456	3443.924637695354	0.65151983	2.85
6275.322259334433	2850	22.37048697941996	0.0	1364537	3179.7462014961493	0.5495587	2.85

