2.566216384271528	750	4.0	2.566216384271528	450283	2566.216384271528	0.5	-10.28473045236757
4.474983081121068	750	6.09123330315046	0.0	398865	1908.7666968495396	0.5535417	0.75
5.692809302399844	750	8.873407081871683	0.0	350812	1217.8262212787765	0.72460425	0.75
7.042747678252606	750	11.523468706018921	0.0	382355	1349.938375852762	1.1118448	0.75
8.447438513241234	750	14.118777871030293	0.0	411561	1404.6908349886276	1.0188929	0.75
10.04223824624996	1200	16.523978138021565	0.0	520315	1594.799733008727	1.1241698	0.75
11.888210090753926	1200	18.678006293517598	0.0	561791	1845.9718445039653	0.38014388	1.2
14.517869441199927	1200	20.0483469430716	0.0	709534	2629.6593504460006	0.34384018	1.2
16.364288268757694	1200	22.20192811551383	0.0	584846	1846.4188275577676	0.49714166	1.2
18.189462918368086	1200	24.376753465903438	0.0	560821	1825.1746496103904	0.6892282	1.2
20.389763229222627	1200	26.176453155048897	0.0	607410	2200.3003108545404	0.7864245	1.2
23.62403454625214	1200	26.942181838019383	0.0	594078	3234.271317029514	0.65398735	1.2
26.31254890202198	1200	28.253667482249543	0.0	624282	2688.51435576984	0.40177366	1.2
29.004542760117516	1200	29.561673624154004	0.0	687371	2691.9938580955395	0.44103694	1.2
31.150838322301166	1200	31.415378061970358	0.0	526950	2146.2955621836472	0.64248616	1.2
33.56260019812838	1200	33.00361618614315	0.0	587876	2411.761875827211	0.6314578	1.2
36.065498044277845	1200	34.500718339993675	0.0	617242	2502.8978461494735	0.61778945	1.2
38.26832136688808	1200	36.297895017383446	0.0	581493	2202.823322610234	0.6378634	1.2
41.29889678713037	1200	37.26731959714115	0.0	639204	3030.57542024229	0.6025945	1.2
44.13737183544006	1200	38.42884454883147	0.0	586839	2838.4750483096864	0.56689835	1.2
47.65476044845842	1200	38.91145593581311	0.0	601738	3517.3886130183637	0.5673051	1.2
50.929630884928045	1200	39.636585499343475	0.0	616206	3274.870436469632	0.42118955	1.2
54.68717353470943	1200	39.8790428495621	0.0	656471	3757.542649781384	0.43643194	1.2
60.85182953198657	1200	37.71438685228496	0.0	536667	6164.655997277135	0.43275246	1.2
66.32444099934344	1200	36.24177538492809	0.0	587236	5472.611467356867	0.2351315	1.2
71.84482824017358	1200	34.72138814409796	0.0	590335	5520.387240830136	0.20370129	1.2
79.5957411096289	1200	30.97047527464264	0.0	696376	7750.912869455317	0.23799862	1.2
82.89644757970854	1200	31.669768804563002	0.0	487160	3300.706470079639	0.28635922	1.2
86.5884345587621	1200	31.977781825509435	0.0	622896	3691.986979053568	0.39925188	1.2
89.89769561639943	1200	32.6685207678721	0.0	641447	3309.2610576373327	0.36022925	1.2
92.61941775269257	1200	33.94679863157897	0.0	570392	2721.72213629313	0.37678888	1.2
95.80974387303677	1200	34.75647251123477	0.0	620283	3190.3261203442066	0.4308303	1.2
98.22637189422656	1200	36.33984449004499	0.0	584349	2416.6280211897774	0.46004528	1.2
102.02187698612954	1200	36.54433939814199	0.0	670129	3795.5050919029954	0.5319702	1.2
106.16470265972458	1200	36.40151372454695	0.0	690253	4142.825673595044	0.4796196	1.2
109.8793381496332	1200	36.68687823463833	0.0	598727	3714.635489908622	0.546131	1.2
113.02588937598105	1200	37.54032700829048	0.0	487812	3146.551226347844	0.85382223	1.2
119.13656760394707	1200	35.42964878032446	0.0	575591	6110.678227966027	0.7190213	1.2
125.87055501625863	1200	32.6956613680129	0.0	605884	6733.98741231156	0.5268516	1.2
129.73190336510635	1200	32.83431301916517	0.0	587506	3861.3483488477254	0.532346	1.2
133.44654897016736	1200	33.119667414104185	0.0	566904	3714.6456050609863	0.75791526	1.2
138.40495340099676	1200	32.16126298327478	0.0	641452	4958.404430829407	0.62593186	1.2
143.29251465198	1200	31.27370173229152	0.0	599477	4887.561250983261	0.7032854	1.2
148.28391797793648	1200	30.282298406335066	0.0	634861	4991.403325956455	0.587792	1.2
154.6414990877449	1200	27.924717296526623	0.0	630203	6357.581109808447	0.732551	1.2
161.3000144750482	1200	25.26620190922333	0.0	638661	6658.515387303291	0.69353384	1.2
165.14476551751923	1200	25.4214508667523	0.0	538612	3844.751042471033	0.9483427	1.2
169.07095670933694	1200	25.49525967493461	0.0	550906	3926.191191817689	1.0166996	1.2

