18758.438143941177	750	4.0	2.4304790559882594	450283	2430.4790559882595	0.2758078	-9.701059940749515
18761.2849073868	750	5.153236554379288	0.0	398865	2846.763445620712	0.5636143	0.75
18763.556421743997	750	6.88172219718222	0.0	350812	2271.514357197067	0.5009928	0.75
18765.871428361243	750	8.566715579938998	0.0	382355	2315.0066172432216	0.43360177	0.75
18768.3680691915	750	10.070074749678064	0.0	411561	2496.640830260935	0.46360093	0.75
18771.12495715718	750	11.313186783998548	0.0	318564	2756.8879656795157	0.6913265	0.75
18774.58226993361	750	11.855874007567367	0.0	352642	3457.3127764311803	0.3744967	0.75
18777.67158099	750	12.766562951177383	0.0	437162	3089.311056389985	0.2552594	0.75
18782.698106740467	750	11.740037200711646	0.0	374758	5026.525750465737	0.49079344	0.75
18790.00787725087	750	8.430266690304897	0.0	362795	7309.770510406748	0.3451171	0.75
18797.9400009193	750	4.498143021874937	0.0	353220	7932.12366842996	0.59124583	0.75
18801.59751785372	300	4.840626087458781	0.0	156148	3657.5169344161563	0.29627743	-0.15000000000000002
18805.549548501625	300	4.8885954395507545	0.0	160746	3952.030647908027	0.061581008	0.3
18808.794594649433	300	5.643549291744088	0.0	179801	3245.0461478066663	0.029163174	0.3
18809.876947667333	300	8.561196273844427	0.0	140051	1082.3530178996598	0.07528337	0.3
18811.326819926115	300	11.111324015065172	0.0	138313	1449.8722587792552	0.46818632	0.3
18813.412209986778	300	13.025933954396956	0.0	143509	2085.3900606682164	0.30059078	0.3
18815.352049552777	300	15.08609438840069	0.0	150616	1939.839565996266	0.33339268	0.3
18816.707165783664	300	17.730978157513412	0.0	165384	1355.1162308872767	0.34496093	0.3
18817.686887002787	300	20.75125693838984	0.0	140881	979.7212191235698	0.86680037	0.3
18819.012724372067	300	23.42541956910723	0.0	157671	1325.8373692826092	1.1926181	0.3
18821.06556954587	300	25.372574395303257	0.0	157812	2052.8451738039726	1.1042955	0.3
18823.59586362317	300	26.84228031800277	0.0	163927	2530.2940773004843	0.9010937	0.3
18825.211689454172	300	29.22645448699864	0.0	137654	1615.8258310041304	0.88609886	0.3
18826.443328719124	300	31.994815222045034	0.0	146754	1231.6392649536065	0.9401572	0.3
18827.343968192265	300	35.0941757489054	0.0	153938	900.6394731396305	1.103448	0.3
18829.370802043748	750	37.06734189742323	0.0	425781	2026.8338514821667	1.2659281	0.3
18830.701494216217	750	39.73664972495083	0.0	277716	1330.6921724724045	1.1566659	0.75
18834.117096002778	1200	40.32104793839494	0.0	622896	3415.601786555886	1.0563598	0.75
18837.77716308474	1200	40.66098085643136	0.0	641447	3660.067081963583	0.413879	1.2
18839.978796627824	1200	42.45934731334582	0.0	570392	2201.6335430855297	0.49751282	1.2
18842.443342994753	1200	43.99480094641658	0.0	620283	2464.546366929244	0.8874922	1.2
18844.84594497282	1200	45.59219896834756	0.0	584349	2402.6019780690212	1.1647906	1.2
18847.705807420494	1200	46.73233652067407	0.0	670129	2859.8624476734926	1.1491538	1.2
18850.515042063926	1200	47.923101877242935	0.0	690253	2809.234643431132	1.1517391	1.2
18853.64352958069	1200	48.79461436047746	0.0	598727	3128.4875167654773	1.2838337	1.2
18856.146226323126	1200	50.29191761803961	0.0	487812	2502.696742437853	1.3480647	1.2
18858.59155751048	1200	51.84658643068878	0.0	575591	2445.33118735083	1.3488839	1.2
18876.017561962817	4300	38.420581978350526	0.0	2133870	17426.00445233825	1.1757848	1.1999999999999997
18893.401085163245	4300	25.037058777925534	0.0	2146120	17383.523200424996	0.14469045	4.3
18902.708299499962	2850	19.729844441206314	0.0	1339500	9307.214336719218	1.1445111	1.4000000000000001
18909.59497248949	1850	16.843171451682764	0.0	1025005	6886.672989523551	0.75508666	0.8500000000000001
18916.8285549858	1850	13.609588955366231	0.0	886255	7233.582496316532	0.7530489	1.85
18921.762261808508	1200	12.675882132661119	0.0	634861	4933.706822705111	0.8354878	0.5499999999999999
18926.197249754652	1200	12.240894186516801	0.0	630203	4434.987946144317	0.4951526	1.2
18931.169045629653	1200	11.269098311513291	0.0	638661	4971.7958750035095	0.9622786	1.2
18935.16149006807	1200	11.27665387309801	0.0	538612	3992.444438415281	0.9678268	1.2
18938.840015418617	1200	11.598128522553015	0.0	550906	3678.5253505449937	0.8097019	1.2

