14570.445466128032	750	4.0	3.5388403668140223	450283	3538.840366814022	0.35369146	-14.467013577300294
14574.02973549604	750	4.415730631991942	0.0	398865	3584.269368008057	0.71756333	0.75
14577.568922047414	750	4.876544080619018	0.0	350812	3539.186551372924	0.6676713	0.75
14581.489669552579	750	4.95579657545445	0.0	382355	3920.7475051645692	0.61788714	0.75
14585.74466411916	750	4.700802008871383	0.0	411561	4254.994566583066	0.6290339	0.75
14588.896660523224	750	5.54880560480811	0.0	318564	3151.996404063273	0.4608885	0.75
14593.410704264234	750	5.034761863798367	0.0	352642	4514.043741009743	0.39414462	0.75
14594.49479988733	300	7.950666240699693	0.0	173849	1084.0956230986735	0.6886887	-0.15000000000000002
14595.616289640659	300	10.829176487372244	0.0	150710	1121.4897533274493	0.8487531	0.3
14596.772659630042	300	13.672806497989226	0.0	139105	1156.3699893830174	0.8984332	0.3
14597.829097036096	300	16.61636909193474	0.0	141840	1056.4374060544872	0.8661592	0.3
14598.989444913079	300	19.456021214951495	0.0	156148	1160.3478769832443	0.9531816	0.3
14602.31169742883	750	20.133768699200367	0.0	386351	3322.2525157511277	0.99173033	0.3
14606.290985873364	750	20.154480254665803	0.0	434409	3979.288444534561	0.25495538	0.75
14609.76810925237	750	20.677356875658695	0.0	337059	3477.123379007108	0.4389601	0.75
14613.46596928763	750	20.97949684039858	0.0	366214	3697.860035260115	0.34938103	0.75
14616.239302975737	750	22.206163152291644	0.0	360831	2773.3336881069336	0.253119	0.75
14618.759531114187	750	23.68593501384113	0.0	372963	2520.2281384505127	0.46420005	0.75
14621.233699047776	750	25.211767080252056	0.0	405596	2474.1679335890753	0.51279956	0.75
14623.325199280514	750	27.120266847512678	0.0	350713	2091.500232739376	0.6231138	0.75
14625.795126041236	750	28.650340086792575	0.0	386472	2469.926760720105	0.77336156	0.75
14627.972684096814	750	30.4727820312122	0.0	399894	2177.5580555803704	0.7436929	0.75
14630.886933150154	750	31.558532977874442	0.0	401853	2914.249053337761	0.8734566	0.75
14633.604148483879	750	32.841317644149996	0.0	343800	2717.215333724447	0.8729532	0.75
14635.488889602791	750	34.956576525236294	0.0	359903	1884.741118913704	0.8706665	0.75
14638.674231088564	1200	35.77123503946443	0.0	590335	3185.3414857718635	0.95342505	0.75
14645.005506253066	1200	33.43995987496348	0.0	696376	6331.275164500955	0.36246216	1.2
14649.562705001495	1200	32.882761126533694	0.0	487160	4557.198748429778	0.3282286	1.2
14657.816908431974	1200	28.62855769605358	0.0	622896	8254.203430480116	0.23074362	1.2
14666.819425880065	1200	23.62604024796312	0.0	641447	9002.517448090459	0.27037966	1.2
14674.644851567784	1200	19.80061456024441	0.0	570392	7825.425687718716	0.3963558	1.2
14681.935673246124	1200	16.509792881905305	0.0	620283	7290.821678339103	0.63024527	1.2
14690.290715338799	1200	12.154750789229215	0.0	584349	8355.042092676089	0.5812494	1.2
14696.697149830248	750	9.74831629777951	0.0	412837	6406.434491449705	0.9578918	0.3
14699.919208695448	750	10.526257432578578	0.0	401088	3222.0588652009324	0.7265625	0.75
14702.628127258604	750	11.817338869423397	0.0	365161	2708.9185631551823	0.506824	0.75
14704.84328220411	750	13.602183923917842	0.0	321064	2215.154945505554	0.7747997	0.75
14707.219085344259	750	15.226380783769715	0.0	361565	2375.803140148128	0.85147476	0.75
14709.909675912157	750	16.535790215871913	0.0	378327	2690.590567897804	0.7312358	0.75
14712.558001063002	750	17.88746506502712	0.0	390680	2648.325150844794	0.6300602	0.75
14714.79160314222	750	19.653862985811124	0.0	345516	2233.602079215993	0.95797396	0.75
14717.635358657391	750	20.810107470637718	0.0	384505	2843.755515173405	1.0495863	0.75
14721.724959975438	750	20.720506152590996	0.0	372093	4089.601318046725	1.1342261	0.75
14724.779083761901	750	21.66638236612892	0.0	438281	3054.123786462073	0.9640572	0.75
14729.797842657115	1200	20.64762347091503	0.0	630203	5018.758895213892	1.1701365	0.75
14733.842534638605	1200	20.602931489425714	0.0	638661	4044.691981489316	0.6892573	1.2
14738.514776605038	1850	19.9306895229926	0.0	830730	4672.241966433112	1.0027015	1.2000000000000002
14743.46695515901	1850	18.978510969020572	0.0	846370	4952.1785539720295	0.54355776	1.85

