24691.674833346555	750	4.0	2.54228302815134	450283	2542.28302815134	1.4283293	-10.181817021050762
24693.4608430424	750	6.213990304153536	0.0	398865	1786.0096958464633	0.5537807	0.75
24694.722114446224	750	8.95271890032892	0.0	350812	1261.2714038246152	0.7706574	0.75
24696.562767958978	750	11.11206538757434	0.0	382355	1840.653512754581	1.0872242	0.75
24698.529202300164	750	13.145631046384064	0.0	411561	1966.434341190276	0.83137393	0.75
24700.73051258931	1200	14.944320757240833	0.0	520315	2201.3102891432304	0.92380416	0.75
24702.96852847652	1200	16.706304870033257	0.0	561791	2238.0158872075767	0.20498325	1.2
24706.98699878202	1200	16.687834564531936	0.0	709534	4018.470305501323	0.21196789	1.2
24714.195124809783	1200	13.47970853676926	0.0	584846	7208.126027762675	0.17647208	1.2
24725.871932658385	1200	5.802900688166756	0.0	560821	11676.807848602504	0.39531562	1.2
24727.35591964674	300	8.318913699810622	0.0	141840	1483.9869883561335	0.905635	-0.6000000000000001
24728.704425791282	300	10.970407555268325	0.0	156148	1348.5061445422966	0.46751812	0.3
24730.091498887974	300	13.583334458575967	0.0	160746	1387.0730966923588	0.86660665	0.3
24731.76198819504	300	15.912845151507073	0.0	179801	1670.4893070688954	0.84697324	0.3
24733.48509735561	300	18.18973599094056	0.0	140051	1723.1091605665124	1.0346357	0.3
24735.020856159426	300	20.653977187123907	0.0	138313	1535.7588038166552	0.5882745	0.3
24736.55387665789	300	23.120956688659245	0.0	143509	1533.0204984646634	0.6639759	0.3
24737.985403470382	300	25.689429876168937	0.0	150616	1431.5268124903046	0.7741238	0.3
24739.361193734218	300	28.313639612333922	0.0	165384	1375.7902638350154	0.90149057	0.3
24741.78240650812	750	29.89242683843276	0.0	350713	2421.2127739011626	1.034151	0.3
24744.867527578757	750	30.807305767794578	0.0	386472	3085.1210706381826	0.6681632	0.75
24747.953034492773	750	31.72179885377974	0.0	399894	3085.506914014835	0.6214105	0.75
24750.741036104722	750	32.93379724182909	0.0	401853	2788.0016119506577	0.63817096	0.75
24753.910643415387	750	33.7641899311648	0.0	343800	3169.607310664288	0.81892776	0.75
24756.977630001977	750	34.69720334457573	0.0	359903	3066.986586589069	0.6682111	0.75
24760.231849347187	750	35.44298399936922	0.0	379700	3254.219345206517	0.7558375	0.75
24763.813668707568	750	35.861164638987375	0.0	425781	3581.8193603818395	0.60301507	0.75
24765.867314461113	750	37.80751888544291	0.0	277716	2053.645753544469	0.80891037	0.75
24768.425595354594	750	39.24923799196214	0.0	400396	2558.280893480771	0.8929388	0.75
24771.49020708035	750	40.184626266208575	0.0	400508	3064.6117257535634	0.90269935	0.75
24774.378246934055	750	41.296586412500695	0.0	358218	2888.0398537078813	0.91057515	0.75
24777.999705335216	750	41.67512801134212	0.0	400322	3621.4584011585766	0.90817666	0.75
24781.279608168956	750	42.395225177600544	0.0	369834	3279.902833741575	0.8662507	0.75
24784.98207032628	750	42.69276302027549	0.0	412837	3702.4621573250492	0.9074966	0.75
24788.045495979888	750	43.62933736666793	0.0	401088	3063.4256536075623	0.88206846	0.75
24792.215502595758	1200	43.4593307507953	0.0	598727	4170.006615872637	1.0595608	0.75
24794.856167423422	1200	44.81866592313016	0.0	487812	2640.664827665136	0.8660065	1.2
24798.10498796898	1200	45.5698453775716	0.0	575591	3248.8205455585558	1.0471272	1.2
24803.78818906443	1200	43.88664428212093	0.0	605884	5683.201095450666	1.0887012	1.2
24805.98565760716	1200	45.689175739393235	0.0	587506	2197.468542727703	0.69988585	1.2
24808.199097024717	1200	47.4757363218371	0.0	566904	2213.439417556142	1.3665686	1.2
24815.22032258439	4300	44.45451076216457	0.0	2184571	7021.225559672533	1.093154	1.1999999999999997
24824.978182878614	4300	38.6966504679406	0.0	2121928	9757.860294223967	0.09306409	4.3
24841.685751454763	4300	25.98908189178964	0.0	2219102	16707.56857615096	0.17643142	4.3
24856.323172744233	4300	15.351660602319217	0.0	2124950	14637.421289470421	0.8850189	4.3
24860.97501140484	1850	14.699821941712843	0.0	982064	4651.838660606376	0.91236603	-0.6000000000000001
24865.349224523994	1850	14.325608822555035	0.0	830730	4374.213119157807	0.5489304	1.85
24869.340317006463	1850	14.334516340089195	0.0	846370	3991.0924824658405	0.5583526	1.85

