13677.832687076248	750	4.0	4.851455205977005	450283	4851.455205977005	1.5127344	-20.11125738570112
13680.036351955952	300	5.796335120296149	0.0	155580	2203.664879703851	0.55490035	-0.15000000000000002
13682.193218491871	300	7.639468584376665	0.0	139857	2156.8665359194842	0.1287819	0.3
13684.855386762041	300	8.97730031420655	0.0	155432	2662.1682701701147	0.15771173	0.3
13687.298033576395	300	10.534653499851958	0.0	163442	2442.646814354592	0.12819444	0.3
13689.862934288185	300	11.969752788063095	0.0	126289	2564.9007117888623	0.24928676	0.3
13693.136496321487	300	12.69619075475933	0.0	153295	3273.5620333037646	0.10532199	0.3
13696.090623860195	300	13.742063216051369	0.0	173849	2954.127538707962	0.07280045	0.3
13697.428734193585	300	16.403952882659972	0.0	150710	1338.1103333913968	0.13366106	0.3
13698.65489475043	300	19.17779232581396	0.0	139105	1226.160556846011	0.4202112	0.3
13699.706778306392	300	22.125908769853044	0.0	141840	1051.8835559609138	0.6452876	0.3
13701.245564217825	300	24.587122858422287	0.0	156148	1538.785911430758	0.93767	0.3
13703.088631561568	300	26.74405551467813	0.0	160746	1843.0673437441585	0.7788986	0.3
13705.587444334627	300	28.245242741618583	0.0	179801	2498.812773059549	0.726514	0.3
13707.82910968822	300	30.003577388026006	0.0	140051	2241.6653535925757	0.78004473	0.3
13710.308087151203	300	31.524599925043283	0.0	138313	2478.977462982722	0.60122496	0.3
13713.328355478016	300	32.504331598231815	0.0	143509	3020.268326811466	0.55865914	0.3
13717.682424224591	300	32.15026285165609	0.0	150616	4354.068746575731	0.4018803	0.3
13720.879658192613	300	32.953028883633934	0.0	165384	3197.2339680221535	0.22687402	0.3
13722.635817095164	300	35.19686998108143	0.0	140881	1756.1589025525047	0.26060763	0.3
13725.13069171192	300	36.70199536432564	0.0	157671	2494.8746167557897	0.3136418	0.3
13727.8030701628	300	38.02961691344558	0.0	157812	2672.378450880062	0.23501489	0.3
13729.753843163218	300	40.078843913026155	0.0	163927	1950.773000419423	0.22664061	0.3
13731.188790335189	300	42.64389674105543	0.0	137654	1434.9471719707255	0.40905932	0.3
13732.649928506382	300	45.18275856986274	0.0	146754	1461.1381711926797	0.65769595	0.3
13734.095313588703	300	47.73737348754163	0.0	153938	1445.3850823211133	0.81111157	0.3
13735.777421402972	300	50.05526567327194	0.0	181901	1682.1078142696954	0.8766232	0.3
13736.93948214619	300	52.89320493005359	0.0	111155	1162.060743218345	0.9641441	0.3
13738.751039141564	300	55.08164793468081	0.0	153605	1811.5569953727822	0.86762077	0.3
13740.487910163909	300	57.344776912335035	0.0	149029	1736.871022345775	0.89380807	0.3
13742.567780029915	300	59.26490704632884	0.0	157421	2079.869866006199	0.99672407	0.3
13745.830138873836	300	59.55700167079284	0.0	157488	1707.9053755359919	0.9420791	0.3
13747.865843697658	300	59.806376083673605	0.0	143881	1250.6255871192373	1.1344918	0.3
13749.383571435674	300	59.96005177581768	0.0	163444	846.3243078559215	1.2290169	0.3
13756.141072759116	1200	57.20255045237393	0.0	690253	6757.50132344375	1.6720554	0.29999999999999993
13764.33313174497	1200	53.01049146652044	0.0	598727	8192.058985853488	1.1105797	1.2
13772.800614211186	1200	48.543009000303584	0.0	487812	8467.482466216852	0.9765445	1.2
13778.950633715438	1200	46.39298949605265	0.0	575591	6150.019504250937	0.708439	1.2
13783.042447904205	1200	46.30117530728454	0.0	605884	4091.814188768109	0.81232786	1.2
13786.011210123412	1200	47.33241308807672	0.0	587506	2968.762219207823	1.2642636	1.2
13811.398716404326	4300	25.944906807163125	0.0	2108491	25387.506280913592	1.4109914	1.1999999999999997
13822.833888383124	1850	18.509734828366188	0.0	1025005	11435.171978796938	0.6530658	-0.6000000000000001
13839.603339506388	1850	5.740283705102076	0.0	886255	16769.451123264113	0.9186886	1.85
13842.12415584802	300	7.219467363470909	0.0	172312	2520.8163416311677	0.40927035	-1.25
13844.011178942648	300	9.33244426884055	0.0	167025	1887.023094630357	0.13538736	0.3
13845.608669541552	300	11.73495366993671	0.0	160064	1597.4905989038414	1.3540165	0.3
13846.970627710736	300	14.372995500753147	0.0	137507	1361.9581691835624	1.4347945	0.3
13860.698444870646	2850	4.645178340842343	0.0	1364537	13727.817159910803	1.6625761	0.30000000000000027

