11086.190438588932	750	4.0	3.252274383373264	450283	3252.2743833732643	0.35905516	-13.234779848505035
11088.458428223028	750	5.732010365904043	0.0	398865	2267.989634095957	0.6742039	0.75
11089.773486295719	750	8.41695229321333	0.0	350812	1315.058072690713	0.563482	0.75
11091.328554817259	750	10.861883771671835	0.0	382355	1555.0685215414942	1.0167205	0.75
11092.894091400805	750	13.296347188125658	0.0	411561	1565.5365835461778	0.95500064	0.75
11094.607603325067	1200	15.58283526386496	0.0	520315	1713.5119242606986	1.0523906	0.75
11096.72411754405	1200	17.466321044881084	0.0	561791	2116.5142189838753	0.31919262	1.2
11099.984097860717	1200	18.206340728216585	0.0	709534	3259.9803166644997	0.25967282	1.2
11102.748415178385	1200	19.442023410548508	0.0	584846	2764.317317668078	0.29741985	1.2
11105.364111686473	1200	20.826326902459776	0.0	560821	2615.696508088732	0.35005805	1.2
11107.400586066959	1200	22.78985252197482	0.0	607410	2036.4743804849563	0.39753544	1.2
11109.959471215716	1200	24.23096737321868	0.0	594078	2558.8851487561396	0.46795925	1.2
11112.240737117176	1200	25.949701471760047	0.0	624282	2281.265901458631	0.42084098	1.2
11117.221323474463	1200	24.96911511447216	0.0	687371	4980.586357287889	0.47016975	1.2
11119.38172981028	1200	26.808708778654665	0.0	526950	2160.406335817493	0.23188843	1.2
11121.815826570011	1200	28.374612018922903	0.0	587876	2434.0967597317617	0.45573652	1.2
11124.460401362343	1200	29.730037226592184	0.0	617242	2644.5747923307217	0.4490195	1.2
11126.83163762295	1200	31.358800965984926	0.0	581493	2371.2362606072566	0.5236044	1.2
11129.247409720743	1200	32.943028868192414	0.0	639204	2415.7720977925133	0.41831586	1.2
11131.58139182985	1200	34.60904675908515	0.0	586839	2333.98210910726	0.64330465	1.2
11134.190302156032	1200	36.00013643290427	0.0	601738	2608.910326180881	0.56314063	1.2
11137.094140054438	1200	37.096298534497514	0.0	616206	2903.8378984067517	0.563419	1.2
11141.540540551508	1200	36.649898037428365	0.0	656471	4446.400497069151	0.5505568	1.2
11145.276231009782	1200	36.914207579152354	0.0	536667	3735.690458276008	0.37215173	1.2
11149.954543528916	1200	36.23589506001879	0.0	587236	4678.312519133566	0.38380486	1.2
11153.862436498945	1200	36.328002089991145	0.0	590335	3907.8929700276467	0.24655998	1.2
11157.355266242144	1200	36.835172346789754	0.0	696376	3492.829743201392	0.29287887	1.2
11159.654418863729	1200	38.53601972520665	0.0	487160	2299.1526215831063	0.54638577	1.2
11162.737908705358	1200	39.452529883577334	0.0	622896	3083.489841629313	0.5480445	1.2
11167.014757399636	1200	39.17568118929702	0.0	641447	4276.848694280315	0.43056184	1.2
11171.928693580361	1200	38.261745008574024	0.0	570392	4913.936180722993	0.35420156	1.2
11176.144499966436	1200	38.04593862249721	0.0	620283	4215.806386076819	0.25097635	1.2
11178.235656881725	1200	39.95478170720918	0.0	584349	2091.156915288032	0.37172693	1.2
11181.18564195034	1200	41.00479663859294	0.0	670129	2949.985068616237	0.81446534	1.2
11184.30432339498	1200	41.886115193955995	0.0	690253	3118.6814446369485	0.915589	1.2
11187.038199989322	1200	43.1522385996139	0.0	598727	2733.8765943420863	0.9351915	1.2
11189.572123669011	1200	44.61831491992362	0.0	487812	2533.923679690281	1.1949438	1.2
11191.845235927314	1200	46.34520266162064	0.0	575591	2273.1122583029774	1.1755383	1.2
11194.942654564455	1200	47.24778402447937	0.0	605884	3097.418637141275	1.3068476	1.2
11210.337889422914	4300	35.85254916601996	0.0	2146120	15395.234858459411	1.2761154	1.1999999999999997
11218.886131960578	4300	31.3043066283565	0.0	2108491	8548.242537663466	0.16317722	4.3
11225.606565832382	4300	28.58387275655329	0.0	2184571	6720.433871803207	0.44550222	4.3
11235.739355206333	4300	22.451083382601674	0.0	2121928	10132.789373951615	0.30617687	4.3
11254.589936578539	4300	7.600502010397016	0.0	2219102	18850.58137220466	0.92533517	4.3
11258.651700713128	1200	7.538737875807033	0.0	630203	4061.764134589983	1.109199	-1.9000000000000001
11261.668872766188	1200	8.52156582274654	0.0	638661	3017.1720530604935	0.94104755	1.2
11265.33794661563	1850	8.852491973305085	0.0	830730	3669.073849441454	0.77893764	1.2000000000000002
11268.276425583015	1850	9.914013005917617	0.0	846370	2938.478967387468	0.51671124	1.85

