22802.16816543207	750	4.0	4.39150033291431	450283	4391.50033291431	1.0050185	-18.133451431531533
22803.554145188624	300	6.61402024344835	0.0	155580	1385.979756551649	0.65276015	-0.15000000000000002
22804.850065081384	300	9.31810035068476	0.0	139857	1295.91989276359	0.46179852	0.3
22806.205355987244	300	11.96280944482504	0.0	155432	1355.2909058597209	0.5799976	0.3
22807.31490063026	300	14.853264801810942	0.0	163442	1109.5446430140978	0.6646463	0.3
22808.26446008474	300	17.903705347327072	0.0	126289	949.5594544838722	1.0750923	0.3
22809.250304090925	300	20.917861341140917	0.0	153295	985.8440061861529	0.9396999	0.3
22812.15858364968	750	22.009581782383627	0.0	437162	2908.279558757289	0.9915644	0.3
22814.42956745403	750	23.73859797803601	0.0	374758	2270.9838043476157	0.538693	0.75
22817.214870152555	750	24.95329527950962	0.0	362795	2785.3026985263914	0.69336295	0.75
22819.577527058125	750	26.590638373939647	0.0	353220	2362.656905569971	0.49274635	0.75
22822.388196795826	750	27.77996863623983	0.0	405134	2810.66973769982	0.7617645	0.75
22825.13019615302	750	29.03796927904623	0.0	386351	2741.9993571935984	0.7034791	0.75
22827.92837834213	750	30.23978708993447	0.0	434409	2798.182189111757	0.69973785	0.75
22829.774581402886	750	32.39358402917775	0.0	337059	1846.2030607567165	0.7941916	0.75
22831.81598895965	750	34.35217647241245	0.0	366214	2041.4075567653024	0.8898197	0.75
22834.191234381055	750	35.976931051008854	0.0	360831	2375.245421403602	0.86956424	0.75
22836.746676206185	750	37.42148922587569	0.0	372963	2555.4418251331663	0.8953407	0.75
22839.332946439623	750	38.835218992439806	0.0	405596	2586.270233435883	0.8608999	0.75
22841.586391784946	750	40.581773647115725	0.0	350713	2253.4453453240812	0.91642153	0.75
22845.560729110657	1200	40.6074363214065	0.0	601738	3974.3373257092276	0.91418535	0.75
22850.054614068235	1200	40.113551363830176	0.0	616206	4493.884957576322	0.34834442	1.2
22855.190785603183	1200	38.977379828882924	0.0	656471	5136.171534947247	0.27195823	1.2
22859.133380233132	1200	39.03478519893526	0.0	536667	3942.5946299476655	0.24874595	1.2
22864.67555787842	1200	37.49260755364846	0.0	587236	5542.177645286802	0.3606735	1.2
22868.287578043724	1200	37.880587388343514	0.0	590335	3612.0201653049494	0.2787151	1.2
22872.901534715045	1200	37.26663071702419	0.0	696376	4613.956671319322	0.36927927	1.2
22876.571505720538	1200	37.59665971153357	0.0	487160	3669.9710054906222	0.31378376	1.2
22882.610195398036	1200	35.55797003403331	0.0	622896	6038.689677500261	0.40502107	1.2
22893.091506631896	1200	29.07665880017259	0.0	641447	10481.311233860715	0.2634025	1.2
22904.196056854467	1200	21.972108577601027	0.0	570392	11104.550222571565	0.4155621	1.2
22911.552767989513	1200	18.615397442556723	0.0	620283	7356.7111350443	0.7392818	1.2
22916.02315380258	1200	18.145011629486444	0.0	584349	4470.385813070283	0.6958048	1.2
22922.326305072376	1200	15.841860359693811	0.0	670129	6303.151269792629	0.42707282	1.2
22928.214947205768	1200	13.953218226300137	0.0	690253	5888.642133393673	0.57603836	1.2
22934.9056686317	1200	11.262496800363271	0.0	598727	6690.7214259368675	0.6626703	1.2
22938.667021004178	750	11.50114442788826	0.0	321064	3761.352372475011	0.88010013	0.3
22944.427708211253	750	9.74045722080977	0.0	361565	5760.68720707849	0.3394638	0.75
22947.61774466843	750	10.550420763631807	0.0	378327	3190.036457177961	0.53520244	0.75
22950.430048477945	750	11.738116954120589	0.0	390680	2812.303809511218	0.50922513	0.75
22952.83281535152	750	13.335350080544446	0.0	345516	2402.7668735761436	0.80945015	0.75
22955.80770854959	750	14.360456882474262	0.0	384505	2974.893198070183	0.7790813	0.75
22958.944691027173	750	15.223474404890686	0.0	372093	3136.9824775835764	0.86742985	0.75
22962.544629495867	750	15.623535936195527	0.0	438281	3599.938468695157	0.77689075	0.75
22967.388868801638	750	14.779296630424007	0.0	398987	4844.239305771521	0.9664025	0.75
22969.882427781606	750	16.285737650457737	0.0	393804	2493.5589799662725	0.73606014	0.75
22973.37610542512	1200	16.792060006941682	0.0	538612	3493.6776435160536	1.3533344	0.75
22976.76556173545	1200	17.40260369660945	0.0	550906	3389.456310332233	0.8679267	1.2

