12150.010016076003	750	4.0	1.7282306058808998	450283	1728.2306058809	0.9595809	-6.681391605287869
12151.804208360521	750	6.205807715481606	0.0	398865	1794.1922845183947	0.80726707	0.75
12153.555252516182	750	8.454763559820275	0.0	350812	1751.0441556613293	0.7670375	0.75
12155.213385781413	750	10.796630294589859	0.0	382355	1658.1332652304168	0.81581956	0.75
12157.002869884036	750	13.007146191966463	0.0	411561	1789.4841026233955	0.8168198	0.75
12158.55022209732	1200	15.459793978683564	0.0	520315	1547.3522132829005	0.933838	0.75
12159.719726581585	1200	18.290289494417987	0.0	561791	1169.5044842655755	0.42534086	1.2
12161.04823912507	1200	20.961776950933686	0.0	709534	1328.512543484298	0.7283854	1.2
12162.902188145978	1850	23.107827930025337	0.0	852833	1853.9490209083478	1.2246093	1.2000000000000002
12164.99281388807	1850	25.017202187934277	0.0	913888	2090.6257420910633	0.68291795	1.85
12167.07193617147	1850	26.938079904535595	0.0	939819	2079.1222833986776	0.7172146	1.85
12169.012537786948	1850	28.997478289056204	0.0	917428	1940.6016154793897	0.69859016	1.85
12170.772698683664	1850	31.237317392339776	0.0	946851	1760.1608967164277	0.684438	1.85
12172.844192654198	1850	33.16582342180509	0.0	1036454	2071.4939705346933	0.89051557	1.85
12174.456466771548	1850	35.5535493044569	0.0	821631	1612.2741173481843	1.067563	1.85
12176.183834806203	1850	37.82618126980127	0.0	923170	1727.3680346556325	0.9772793	1.85
12178.144608094459	1850	39.86540798154464	0.0	966699	1960.7732882566233	0.9952344	1.85
12180.058498317732	1850	41.9515177582716	0.0	885714	1913.8902232730488	1.0271776	1.85
12182.28342910715	1850	43.72658696885298	0.0	987708	2224.930789418623	1.0091231	1.85
12184.49207244012	1850	45.51794363588372	0.0	923755	2208.6433329692604	1.040468	1.85
12190.060137907003	4300	43.94987816899947	0.0	2039773	5568.06546688425	1.0047228	1.8499999999999996
12195.34166270179	4300	42.668353374211485	0.0	2176469	5281.524794787994	0.17497006	4.3
12201.903196725827	4300	40.10681935017584	0.0	2221506	6561.534024035639	0.20698573	4.3
12206.709911621285	4300	39.30010445471626	0.0	2044075	4806.71489545958	0.23867163	4.3
12213.580019962978	4300	36.42999611302339	0.0	2186790	6870.108341692866	0.3351915	4.3
12220.361786444475	4300	33.64822963152446	0.0	2105231	6781.766481498937	0.5364876	4.3
12223.724592272598	2850	34.285423803401486	0.0	1547572	3362.80582812298	0.72127753	1.4000000000000001
12226.483337854126	2850	35.526678221873404	0.0	1141971	2758.745581528082	0.21633108	2.85
12229.596848628405	2850	36.41316744759503	0.0	1498470	3113.51077427837	0.34222198	2.85
12232.805735856922	2850	37.20428021907855	0.0	1561263	3208.8872285164794	0.561653	2.85
12235.634155346894	2850	38.375860729105355	0.0	1341201	2828.4194899731947	0.55229276	2.85
12238.979626660075	2850	39.030389415925605	0.0	1497683	3345.4713131797557	0.662614	2.85
12243.285065794411	2850	38.72495028159032	0.0	1358081	4305.439134335282	0.6236704	2.85
12247.99581742717	2850	38.01419864882844	0.0	1587293	4710.751632761882	0.6217414	2.85
12251.075955909104	2850	38.9340601668974	0.0	1492672	3080.13848193103	0.7161534	2.85
12256.965824981049	4300	37.04419109495113	0.0	2143948	5889.869071946278	0.7037954	2.8499999999999996
12261.8525425955	4300	36.1574734804996	0.0	1919781	4886.7176144515315	0.08530541	4.3
12271.299512907532	4300	30.710503168467923	0.0	2147467	9446.970312031674	0.112827726	4.3
12280.38267862358	4300	25.627337452418505	0.0	2133870	9083.16571604942	0.2923387	4.3
12285.698734451951	4300	24.311281624047623	0.0	2146120	5316.055828370883	0.56793433	4.3
12296.882809136498	4300	17.127206939501928	0.0	2108491	11184.074684545698	0.5438651	4.3
12307.106495387845	2850	10.903520688153373	0.0	1527299	10223.686251348556	1.2770538	1.4000000000000001
12312.345698890089	2850	9.664317185910438	0.0	1343002	5239.203502242934	1.1807425	2.85
12315.380709427629	2850	10.629306648369253	0.0	1587250	3035.0105375411854	0.9561217	2.85
12318.661983496377	2850	11.348032579619789	0.0	1464921	3281.2740687494643	0.49949968	2.85
12321.795638504747	2850	12.214377571250107	0.0	1483527	3133.6550083696798	0.6018301	2.85
12324.257360009045	2850	13.752656066950557	0.0	1231456	2461.7215042995504	0.7299	2.85
12326.902958945928	2850	15.107057130068668	0.0	1364537	2645.5989368818905	0.7484087	2.85

