17516.471873645485	750	4.0	2.184991174137217	450283	2184.991174137217	0.6250094	-8.645462048790034
17518.112261420567	750	6.35961222491618	0.0	398865	1640.3877750838199	0.6344471	0.75
17519.642554114893	750	8.829319530588549	0.0	350812	1530.2926943276307	0.82918334	0.75
17521.68712130373	750	10.784752341751526	0.0	382355	2044.5671888370243	0.93105185	0.75
17526.03661736096	750	10.435256284525005	0.0	411561	4349.496057226521	0.71731246	0.75
17535.281550639058	750	5.190323006420925	0.0	318564	9244.93327810408	0.69354594	0.75
17542.017018797735	750	4.0	1.5451451522511215	352642	6735.468158672047	0.73817104	-5.894124154679822
17543.896728727777	300	6.120290069955664	0.0	173849	1879.7099300443358	0.59262186	-0.15000000000000002
17545.32007528566	300	8.696943512071085	0.0	150710	1423.3465578845783	0.33022314	0.3
17546.616393834684	300	11.400624963050765	0.0	139105	1296.3185490203218	0.56205064	0.3
17548.46524838586	300	13.551770411877031	0.0	141840	1848.8545511737339	0.7296925	0.3
17550.857575252874	300	15.159443544860352	0.0	156148	2392.326867016678	0.29437715	0.3
17553.47721087297	300	16.53980792476422	0.0	160746	2619.6356200961336	0.387106	0.3
17555.59626078085	300	18.420758016882502	0.0	179801	2119.0499078817184	0.25218725	0.3
17556.466117536238	300	21.55090126149531	0.0	140051	869.8567553871923	0.57946897	0.3
17557.32592095722	300	24.691097840517603	0.0	138313	859.8034209777059	1.1732886	0.3
17559.21530390241	750	26.801714895324896	0.0	360831	1889.3829451927074	1.208219	0.3
17561.057933386885	750	28.959085410848612	0.0	372963	1842.6294844762817	0.85402787	0.75
17563.067954746053	750	30.949064051681052	0.0	405596	2010.0213591675613	0.86713016	0.75
17565.100108366732	750	32.91691043100341	0.0	350713	2032.1536206776423	0.9563165	0.75
17568.602323022245	1200	33.41469577548705	0.0	601738	3502.2146555163654	0.933005	0.75
17572.688386207614	1200	33.328632590118346	0.0	616206	4086.0631853687046	0.2760466	1.2
17580.639917424178	1200	29.377101373552883	0.0	656471	7951.531216565461	0.2089504	1.2
17585.4997895081	1200	28.517229289633455	0.0	536667	4859.8720839194275	0.2150844	1.2
17588.317138768758	1200	29.699880028975954	0.0	587236	2817.349260657502	0.22781898	1.2
17590.70737167807	1200	31.309647119664085	0.0	590335	2390.232909311869	0.34022856	1.2
17594.24829098697	1200	31.76872781076429	0.0	696376	3540.919308899795	0.47141057	1.2
17596.813596737167	1200	33.2034220605642	0.0	487160	2565.3057502000875	0.37919474	1.2
17600.247197122768	1200	33.769821674965144	0.0	622896	3433.600385599062	0.3506952	1.2
17603.41309097545	1200	34.60392782228332	0.0	641447	3165.8938526818233	0.24526145	1.2
17606.482408935106	1200	35.53460986262285	0.0	570392	3069.3179596604687	0.42486325	1.2
17608.71402763499	1200	37.30299116274236	0.0	620283	2231.618699880492	0.43198812	1.2
17611.215919317478	1200	38.801099480253825	0.0	584349	2501.891682488531	0.9749082	1.2
17614.28810800637	1200	39.72891079136182	0.0	670129	3072.188688892004	0.84184945	1.2
17617.93044749235	1200	40.08657130537994	0.0	690253	3642.3394859818773	0.83269405	1.2
17620.62913022837	1200	41.387888569360925	0.0	598727	2698.6827360190114	0.78716993	1.2
17622.618616639975	1200	43.39840215775691	0.0	487812	1989.486411604015	1.2699232	1.2
17624.825948354748	1200	45.191070442983765	0.0	575591	2207.331714773147	1.3344657	1.2
17631.88693440347	4300	42.13008439426458	0.0	2133870	7060.986048719185	1.2957792	1.1999999999999997
17640.36171846409	4300	37.65530033364071	0.0	2146120	8474.784060623871	0.13665421	4.3
17647.176620138867	4300	34.84039865886489	0.0	2108491	6814.90167477582	0.19192903	4.3
17656.696355266853	4300	29.320663530880527	0.0	2184571	9519.735127984366	0.1961508	4.3
17664.464445104648	4300	25.55257369308708	0.0	2121928	7768.089837793446	0.44365895	4.3
17672.043260558512	4300	21.97375823922396	0.0	2219102	7578.815453863122	0.6492669	4.3
17684.436615467566	4300	13.58040333016772	0.0	2124950	12393.354909056241	0.6274927	4.3
17688.870175955246	1850	13.146842842487258	0.0	982064	4433.56048768046	1.1524186	-0.6000000000000001
17692.703609026506	1850	13.313409771226743	0.0	830730	3833.4330712605147	0.7549207	1.85
17703.85978428572	1850	6.157234512011797	0.0	846370	11156.175259214946	0.51916087	1.85

