7742.550764129103	750	4.0	1.1482833162359447	450283	1148.2833162359448	0.32811064	-4.187618259814562
7744.123227775669	1200	6.427536353434235	0.0	611087	1572.4636465657652	1.1184989	0.75
7746.112026894998	1200	8.43873723410488	0.0	571051	1988.7991193293562	0.7189704	1.2
7749.753083752339	1200	8.79768037676357	0.0	617681	3641.0568573413098	0.7028161	1.2
7752.525424187775	1200	10.02533994132746	0.0	652874	2772.340435436111	0.2054724	1.2
7754.401718511542	1200	12.149045617560438	0.0	520315	1876.2943237670218	0.4023369	1.2
7757.144899692233	1200	13.405864436869292	0.0	561791	2743.1811806911464	0.3577399	1.2
7760.906203677622	1200	13.644560451479126	0.0	709534	3761.3039853901637	0.26228398	1.2
7762.865628043562	1200	15.685136085540664	0.0	584846	1959.4243659384624	0.24530612	1.2
7764.5549259251065	1200	17.995838203995103	0.0	560821	1689.2978815455604	0.4945899	1.2
7765.880856332846	1200	20.6699077962557	0.0	607410	1325.9304077394027	0.66173595	1.2
7767.446345768885	1200	23.104418360215977	0.0	594078	1565.4894360397227	0.9103107	1.2
7769.198973259341	1200	25.351790869760986	0.0	624282	1752.6274904549903	0.94215107	1.2
7771.384926475754	1200	27.165837653347754	0.0	687371	2185.9532164132333	0.87174314	1.2
7774.334608371774	1200	28.216155757327037	0.0	526950	2949.6818960207156	0.8989893	1.2
7778.128032174771	1200	28.422731954330832	0.0	587876	3793.4238029962025	0.5879247	1.2
7784.674951368552	1200	25.875812760550083	0.0	617242	6546.919193780749	0.458967	1.2
7790.833703558874	1200	23.717060570227943	0.0	581493	6158.752190322143	0.25431404	1.2
7795.211766335716	1200	23.338997793385325	0.0	639204	4378.062776842617	0.14570646	1.2
7797.4899897863515	1200	25.060774342749923	0.0	586839	2278.223450635405	0.20107941	1.2
7799.494020328253	1200	27.056743800847798	0.0	601738	2004.0305419021256	0.4636083	1.2
7801.368089184402	1200	29.182674944699112	0.0	616206	1874.068856148685	0.58423567	1.2
7803.581001117687	1200	30.969763011413786	0.0	656471	2212.911933285328	0.5579275	1.2
7805.355508814135	1200	33.1952553149664	0.0	536667	1774.507696447383	0.55584466	1.2
7807.365409563595	1200	35.18535456550621	0.0	587236	2009.9007494601906	0.78253394	1.2
7809.475425950986	1200	37.07533817811481	0.0	590335	2110.0163873913957	0.87013364	1.2
7811.893936129502	1200	38.65682799959952	0.0	696376	2418.5101785152965	0.91084903	1.2
7813.222807855731	1200	41.32795627337058	0.0	487160	1328.8717262289344	1.2176806	1.2
7814.886905341417	1200	43.66385878768395	0.0	622896	1664.0974856866278	1.3506472	1.2
7822.778218324684	4300	39.77254580441793	0.0	2164140	7891.312983266021	1.3514203	1.1999999999999997
7829.134818044193	4300	37.41594608490802	0.0	2113193	6356.599719509913	0.26700425	4.3
7834.107155676389	4300	36.44360845271207	0.0	2147852	4972.337632195949	0.31060246	4.3
7840.048995248745	4300	34.50176888035604	0.0	2191074	5941.8395723560325	0.2129803	4.3
7846.436473607245	4300	32.11429052185671	0.0	2286761	6387.478358499328	0.296082	4.3
7851.8037643703055	4300	30.746999758796477	0.0	2307787	5367.290763060236	0.5209106	4.3
7857.14098205208	4300	29.409782077021568	0.0	2143948	5337.217681774907	0.31937718	4.3
7862.431850003172	4300	28.118914125929606	0.0	1919781	5290.867951091965	0.3336975	4.3
7868.5340038016975	4300	26.016760327404175	0.0	2147467	6102.153798525427	0.6791109	4.3
7874.473194293658	4300	24.07756983544354	0.0	2133870	5939.190491960636	0.60500515	4.3
7884.027857885029	4300	18.522906244072402	0.0	2146120	9554.663591371138	0.5652525	4.3
7891.589129058582	4300	14.961635070518897	0.0	2108491	7561.271173553505	0.9154042	4.3
7896.1725559707575	2850	14.378208158344645	0.0	1527299	4583.42691217425	1.0571043	1.4000000000000001
7900.050715197538	2850	14.500048931564239	0.0	1343002	3878.1592267804062	0.42172503	2.85
7905.578774254678	2850	12.971989874424523	0.0	1587250	5528.059057139716	0.50650454	2.85
7911.042199024444	2850	11.508565104658016	0.0	1464921	5463.424769766505	0.5013694	2.85
7916.382059077276	2850	10.16870505182642	0.0	1483527	5339.8600528315965	0.6127844	2.85
7920.035783540774	2850	10.51498058832842	0.0	1231456	3653.724463497999	0.6221839	2.85
7923.335703784926	2850	11.21506034417576	0.0	1364537	3299.9202441526613	0.46849877	2.85

