4541.986923717343	750	4.0	1.256359210868177	450283	1256.359210868177	1.1275347	-4.652344606733161
4543.978773578432	1200	6.008150138911241	0.0	611087	1991.8498610887593	1.0382017	0.75
4545.822821826753	1200	8.164101890590421	0.0	571051	1844.0482483208189	0.4129651	1.2
4547.548903152581	1200	10.438020564762667	0.0	617681	1726.0813258277558	0.71293	1.2
4550.451425212198	1200	11.535498505145831	0.0	652874	2902.5220596168347	0.44418493	1.2
4552.676301215397	1200	13.310622501946428	0.0	520315	2224.8760031994043	0.47943866	1.2
4554.777423255709	1200	15.20950046163477	0.0	561791	2101.122040311657	0.3682927	1.2
4557.514829183276	1200	16.472094534067786	0.0	709534	2737.4059275669847	0.31991005	1.2
4560.310939295177	1200	17.67598442216606	0.0	584846	2796.110111901724	0.4837007	1.2
4562.941695738839	1200	19.04522797850422	0.0	560821	2630.7564436618427	0.36964184	1.2
4564.76189704005	1200	21.225026677294068	0.0	607410	1820.2013012101506	0.43009874	1.2
4566.909165104244	1200	23.077758613099263	0.0	594078	2147.268064194804	0.57497615	1.2
4569.334006745968	1200	24.65291697137508	0.0	624282	2424.8416417241842	0.5204042	1.2
4572.2584033187995	1200	25.728520398543782	0.0	687371	2924.396572831299	0.44463217	1.2
4573.7852805911525	1200	28.20164312619031	0.0	526950	1526.8772723534746	0.5205249	1.2
4575.319944082182	1200	30.666979635160583	0.0	587876	1534.6634910297264	0.8181566	1.2
4576.681443143198	1200	33.3054805741453	0.0	617242	1361.4990610152788	0.95366573	1.2
4578.1381172519	1200	35.848806465442465	0.0	581493	1456.6741087028315	1.2613648	1.2
4579.54493572235	1200	38.44198799499251	0.0	639204	1406.8184704499602	1.1878568	1.2
4581.824914005929	1850	40.16200971141372	0.0	923755	2279.9782835787955	1.33272	1.2000000000000002
4584.612028472161	1850	41.374895245181285	0.0	891604	2787.1144662324305	0.93397045	1.85
4587.2595209076635	1850	42.727402809678104	0.0	955231	2647.492435503184	0.802146	1.85
4590.69663907373	1850	43.29028464361201	0.0	968026	3437.1181660660955	0.82466286	1.85
4593.38599317611	1850	44.600930541231726	0.0	874175	2689.35410238028	0.8430225	1.85
4595.890447123492	1850	46.09647659384957	0.0	897976	2504.453947382148	0.85223544	1.85
4598.417824429329	1850	47.56909928801297	0.0	905935	2527.3773058366028	0.98497605	1.85
4601.373935009539	1850	48.6129887078022	0.0	1076599	2956.110580210769	1.0176237	1.85
4603.56688632509	1850	50.420037392250926	0.0	758197	2192.951315551275	1.0060054	1.85
4605.904850374398	1850	52.082073342943	0.0	972798	2337.964049307924	1.0863974	1.85
4610.13333357903	1850	51.853590138310786	0.0	975811	4228.483204632212	1.0908247	1.85
4615.236855341365	1850	50.75006837597512	0.0	873429	5103.521762335664	0.9978304	1.85
4619.715193286451	1850	50.271730430890294	0.0	954453	4478.3379450848215	0.91714466	1.85
4631.96888372514	1850	42.01803999220159	0.0	885062	12253.690438688713	0.9509249	1.85
4652.703157967977	1850	25.2837657493639	0.0	1035329	20734.274242837684	0.52906126	1.85
4658.710761392061	1850	23.276162325280815	0.0	1026056	6007.603424083086	0.8017446	1.85
4663.124683146527	1850	22.862240570814894	0.0	943942	4413.921754465922	0.41897237	1.85
4667.334131186244	1850	22.65279253109782	0.0	728962	4209.448039717073	0.6780554	1.85
4672.538199420073	1850	21.448724297268893	0.0	938587	5204.068233828928	0.9276319	1.85
4680.4086615565675	1850	17.578262160774866	0.0	908665	7870.462136494026	0.8820654	1.85
4687.46802125328	1850	14.518902464061807	0.0	930577	7059.35969671306	0.49297258	1.85
4692.7952140940415	1850	13.1917096233001	0.0	858450	5327.192840761705	0.86767745	1.85
4704.210436850201	1850	5.776486867140646	0.0	1025005	11415.222756159455	0.8598023	1.85
4709.092298382963	750	4.894625334379307	0.0	372093	4881.861532761339	1.0872529	-0.3500000000000001
4715.844556636506	750	4.0	1.8576329191645873	438281	6752.258253543894	0.8167767	-7.237821552407725
4718.195015373257	300	5.649541263249497	0.0	167025	2350.458736750503	0.8182694	-0.15000000000000002
4720.055628370312	300	7.7889282661944454	0.0	160064	1860.6129970550523	0.53489196	0.3
4721.503803132239	300	10.34075350426805	0.0	137507	1448.1747619263951	1.1913493	0.3
4722.794139538896	300	13.05041709761024	0.0	118421	1290.3364066578106	1.4010472	0.3

