11420.56419174771	750	4.0	1.7227784527213061	450283	1722.7784527213062	1.5019389	-6.657947346701616
11422.360414602053	750	6.20377714565615	0.0	398865	1796.22285434385	0.8089912	0.75
11424.107615287756	750	8.456576459953192	0.0	350812	1747.2006857029573	0.76648355	0.75
11425.561026346459	750	11.003165401252037	0.0	382355	1453.4110587011546	0.81838655	0.75
11427.044216371174	750	13.519975376535525	0.0	411561	1483.1900247165124	0.89342976	0.75
11428.846946121314	1200	15.717245626398187	0.0	520315	1802.7297501373378	1.024794	0.75
11431.358359771722	1200	17.205831975987532	0.0	561791	2511.413650410653	0.36787546	1.2
11434.6784309054	1200	17.885760842310482	0.0	709534	3320.07113367705	0.23598436	1.2
11438.85148127568	1200	17.712710472029954	0.0	584846	4173.050370280531	0.3289859	1.2
11441.711076335348	1200	18.8531154123613	0.0	560821	2859.5950596686507	0.14800383	1.2
11444.993570706949	1200	19.570621040760628	0.0	607410	3282.494371600675	0.24896869	1.2
11447.889331405024	1200	20.674860342686532	0.0	594078	2895.760698074094	0.17579347	1.2
11451.706013208315	1200	20.858178539395475	0.0	624282	3816.6818032910596	0.27618787	1.2
11456.096313546548	1200	20.467878201163096	0.0	687371	4390.300338232379	0.13978165	1.2
11459.170839171293	1200	21.39335257641881	0.0	526950	3074.5256247442903	0.15234557	1.2
11463.624431545157	1200	20.939760202553643	0.0	587876	4453.592373865165	0.1888442	1.2
11467.632616225375	1200	20.931575522336548	0.0	617242	4008.1846802170967	0.18138197	1.2
11472.070105935898	1200	20.494085811813136	0.0	581493	4437.489710523414	0.12798811	1.2
11477.009156840882	1200	19.55503490682734	0.0	639204	4939.050904985792	0.16711299	1.2
11482.054021694732	1200	18.510170052977532	0.0	586839	5044.864853849811	0.16271417	1.2
11487.017056265877	1200	17.54713548183238	0.0	601738	4963.03457114515	0.19962423	1.2
11493.423268236083	1200	15.140923511626749	0.0	616206	6406.211970205634	0.26884162	1.2
11505.966426999312	1200	6.597764748398922	0.0	656471	12543.158763227826	0.51856536	1.2
11508.666832627445	300	7.897359120264493	0.0	137654	2700.4056281344297	0.7227638	-0.6000000000000001
11511.58354153662	300	8.980650211089591	0.0	146754	2916.7089091749026	0.28754956	0.3
11514.411525191574	300	10.152666556135648	0.0	153938	2827.9836549539427	0.28348976	0.3
11516.910480766237	300	11.653710981472448	0.0	181901	2498.955574663199	0.16351746	0.3
11517.763109178599	300	14.801082569111157	0.0	111155	852.6284123612907	0.4356021	0.3
11519.020564926612	300	17.543626821098286	0.0	153605	1257.4557480128713	0.8129797	0.3
11520.028016658654	300	20.536175089054964	0.0	149029	1007.4517320433237	0.9584608	0.3
11523.455267427173	1200	21.10892432053652	0.0	570392	3427.2507685184423	1.3500798	0.29999999999999993
11527.623060042064	1200	20.941131705643617	0.0	620283	4167.7926148929055	0.27555525	1.2
11531.03450846939	1200	21.529683278316647	0.0	584349	3411.448427326972	0.30825135	1.2
11535.444819129898	1200	21.11937261781068	0.0	670129	4410.310660505965	0.32983607	1.2
11540.278903513965	1200	20.285288233743124	0.0	690253	4834.084384067554	0.2732584	1.2
11545.189502830304	1200	19.374688917403823	0.0	598727	4910.599316339302	0.3611064	1.2
11547.856908723961	1200	20.707283023746182	0.0	487812	2667.405893657639	0.54617596	1.2
11550.379118984782	1200	22.185072762927405	0.0	575591	2522.210260818777	0.4695768	1.2
11552.987287632002	1200	23.576904115707766	0.0	605884	2608.168647219636	0.6148848	1.2
11555.77353432574	1200	24.79065742197025	0.0	587506	2786.246693737517	0.73490095	1.2
11557.920468484705	1200	26.643723263003416	0.0	566904	2146.934158966834	0.8479252	1.2
11560.466554513636	1200	28.09763723407321	0.0	641452	2546.0860289302045	1.0369111	1.2
11563.371761918861	1200	29.192429828847114	0.0	599477	2905.2074052260978	1.2392681	1.2
11566.56043900156	1200	30.003752746147875	0.0	634861	3188.677082699238	1.1507137	1.2
11573.506350564945	1850	27.05784118276305	0.0	958994	6945.911563384826	1.2534808	1.2000000000000002
11579.616372508452	1850	24.947819239256948	0.0	982064	6110.021943506099	0.48992473	1.85
11590.499199334885	1850	18.06499241282492	0.0	830730	10882.826826432025	0.9147827	1.85
11611.799813106412	1850	4.0	3.2356213587030105	846370	21300.613771527933	0.42349133	-12.063171842422944

