16652.20051958583	750	4.0	4.2446647119615655	450283	4244.664711961565	0.27291617	-17.50205826143473
16653.615307719363	300	6.5852118664659365	0.0	155580	1414.7881335340633	0.6803988	-0.15000000000000002
16654.878999051703	300	9.321520534123353	0.0	139857	1263.6913323425845	0.44245037	0.3
16656.256911599554	300	11.94360798627423	0.0	155432	1377.9125478491217	0.61471856	0.3
16657.743409635743	300	14.457109950084448	0.0	163442	1486.4980361897813	0.6535264	0.3
16658.71766197941	300	17.482857606415696	0.0	126289	974.252343668756	0.7984289	0.3
16659.822406964566	300	20.378112621262307	0.0	153295	1104.744985153388	0.8656287	0.3
16661.006202060293	300	23.194317525535848	0.0	173849	1183.7950957264597	0.906616	0.3
16663.742249283092	750	24.458270302739887	0.0	374758	2736.0472227959626	1.088501	0.3
16666.770952931878	750	25.42956665395372	0.0	362795	3028.703648786167	0.4678427	0.75
16669.278761667472	750	26.921757918357045	0.0	353220	2507.808735596676	0.43391883	0.75
16672.455582492283	750	27.74493709354763	0.0	405134	3176.8208248094174	0.6418239	0.75
16676.216528784516	750	27.98399080131336	0.0	386351	3760.9462922342677	0.53326225	0.75
16679.97199673568	750	28.228522850150124	0.0	434409	3755.4679511632357	0.38394472	0.75
16682.81290104145	750	29.387618544382075	0.0	337059	2840.904305768049	0.50022197	0.75
16685.95763477248	750	30.24288481334936	0.0	366214	3144.7337310327175	0.5683475	0.75
16688.937607395623	750	31.262912190210614	0.0	360831	2979.972623138745	0.4294836	0.75
16691.97234575651	750	32.22817382932263	0.0	372963	3034.7383608879863	0.5512425	0.75
16695.23356368564	750	32.9669559001897	0.0	405596	3261.2179291329244	0.52607524	0.75
16697.441595138356	750	34.75892444747386	0.0	350713	2208.031452715841	0.5191984	0.75
16699.65372181308	750	36.54679777275046	0.0	386472	2212.1266747233994	0.8318299	0.75
16702.436707465855	750	37.76381211997475	0.0	399894	2782.9856527757106	0.8703444	0.75
16705.599351319044	750	38.601168266784995	0.0	401853	3162.643853189757	0.8191769	0.75
16708.434345221023	750	39.76617436480816	0.0	343800	2834.9939019768353	0.8520787	0.75
16711.32783475645	750	40.87268482938164	0.0	359903	2893.4895354265186	0.8552644	0.75
16714.11226945787	750	42.08825012796019	0.0	379700	2784.434701421455	0.89635885	0.75
16717.859741940454	750	42.340777645375596	0.0	425781	3747.472482584588	0.84192395	0.75
16720.10451407235	750	44.09600551348208	0.0	277716	2244.772131893511	0.8920563	0.75
16724.14130851587	750	44.05921106996136	0.0	400396	4036.794443520731	0.95196474	0.75
16727.669899530654	750	44.53062005517719	0.0	400508	3528.5910147841646	0.7687521	0.75
16730.884006268436	750	45.31651331739848	0.0	358218	3214.1067377787135	0.9052236	0.75
16735.71532538923	750	44.48519419660353	0.0	400322	4831.319120794948	0.88541627	0.75
16743.440789354874	750	40.759730230959306	0.0	369834	7725.463965644226	0.6848724	0.75
16750.266363791496	750	37.93415579433685	0.0	412837	6825.574436622452	0.40595484	0.75
16756.404218636922	750	35.79630094891151	0.0	401088	6137.854845425346	0.39856339	0.75
16762.10407763878	750	34.0964419470507	0.0	365161	5699.859001860813	0.55693024	0.75
16764.971366168495	750	35.22915341733618	0.0	321064	2867.2885297145176	0.49293488	0.75
16767.481812795424	750	36.71870679040611	0.0	361565	2510.4466269300647	0.95536107	0.75
16770.492628990996	750	37.70789059483368	0.0	378327	3010.816195572436	1.1655946	0.75
16773.421078260435	750	38.77944132539389	0.0	390680	2928.4492694397863	1.0545053	0.75
16775.680096586962	750	40.520422998867964	0.0	345516	2259.0183265259257	1.2147915	0.75
16778.02686308795	750	42.17365649787743	0.0	384505	2346.766500990533	1.326046	0.75
16782.29218315938	1200	41.90833642644815	0.0	599477	4265.320071429285	1.4926616	0.75
16786.752223488522	1200	41.448296097309	0.0	634861	4460.040329139152	0.96796525	1.2
16790.960259240954	1200	41.24026034487297	0.0	630203	4208.0357524360215	1.0607852	1.2
16795.386680753796	1200	40.813838832031834	0.0	638661	4426.421512841134	1.1135111	1.2
16801.374203605435	1200	38.826315980392216	0.0	538612	5987.522851639618	1.3006598	1.2
16806.998416988365	1200	37.202102597461035	0.0	550906	5624.213382931179	1.1523033	1.2

