11273.834491112477	750	4.0	5.558065529459364	450283	5558.065529459364	0.44887218	-23.149681776675266
11276.642210244325	300	5.192280868151962	0.0	155580	2807.719131848038	0.41325969	-0.15000000000000002
11278.02774257894	300	7.8067485335352504	0.0	139857	1385.5323346167118	0.06929365	0.3
11279.592287266463	300	10.24220384601217	0.0	155432	1564.5446875230796	0.35044554	0.3
11281.819040075075	300	12.015451037399814	0.0	163442	2226.7528086123575	0.31171983	0.3
11283.493100933129	300	14.34139017934634	0.0	126289	1674.0608580534742	0.404451	0.3
11285.56144685087	300	16.273044261605317	0.0	153295	2068.3459177410227	0.30599964	0.3
11288.280526744398	300	17.553964368077075	0.0	173849	2719.0798935282405	0.26440537	0.3
11291.051732653494	300	18.78275845898064	0.0	150710	2771.2059090964344	0.33386025	0.3
11293.182922085836	300	20.651569026636313	0.0	139105	2131.1894323443303	0.22935654	0.3
11294.47207555835	300	23.36241555412385	0.0	141840	1289.1534725124627	0.277379	0.3
11295.61026774181	300	26.224223370664696	0.0	156148	1138.192183459156	0.5102753	0.3
11296.679240966892	300	29.155250145580887	0.0	160746	1068.9732250838097	1.0077766	0.3
11298.016127025378	300	31.818364087096555	0.0	179801	1336.8860584843326	1.1047204	0.3
11300.559829164527	750	33.27466194794557	0.0	337059	2543.7021391509807	1.0515072	0.3
11303.28743707163	750	34.54705404084212	0.0	366214	2727.607907103443	0.59205824	0.75
11305.807054719819	750	36.02743639265363	0.0	360831	2519.617648188496	0.6598724	0.75
11308.487283679548	750	37.347207432925934	0.0	372963	2680.2289597276886	0.8134052	0.75
11311.567408576855	750	38.26708253561809	0.0	405596	3080.1248973078505	0.8107487	0.75
11314.179204123899	750	39.65528698857461	0.0	350713	2611.795547043477	0.7985571	0.75
11316.917122936635	750	40.917368175839215	0.0	386472	2737.9188127354023	0.89625883	0.75
11320.023679700504	750	41.81081141197136	0.0	399894	3106.556763867854	0.8531079	0.75
11323.143615707431	750	42.690875405043656	0.0	401853	3119.9360069277036	0.82787657	0.75
11325.900639980566	750	43.9338511319081	0.0	343800	2757.02427313555	0.8876089	0.75
11329.185997327513	750	44.648493784960415	0.0	359903	3285.357346947687	0.873234	0.75
11332.716178851211	750	45.118312261262055	0.0	379700	3530.1815236983616	0.8551245	0.75
11338.872218712797	750	42.962272399676486	0.0	425781	6156.0398615855775	0.7317776	0.75
11341.395560157654	750	44.43893095481836	0.0	277716	2523.341444858127	0.55289865	0.75
11344.75375970371	750	45.08073140876204	0.0	400396	3358.199546056318	0.9271343	0.75
11347.299259532616	750	46.53523157985806	0.0	400508	2545.499828903982	0.7705034	0.75
11349.804241719867	750	48.030249392608276	0.0	358218	2504.9821872497837	1.0234134	0.75
11353.465440722928	750	48.369050389546835	0.0	400322	3661.1990030614415	0.9911386	0.75
11357.060809922095	750	48.773681190377985	0.0	369834	3595.369199168853	0.83527774	0.75
11361.357830984958	750	48.476660127516524	0.0	412837	4297.021062861459	0.878757	0.75
11365.49818910345	750	48.33630200902482	0.0	401088	4140.3581184917075	0.8580122	0.75
11368.727053452832	750	49.10743765964186	0.0	365161	3228.8643493829613	1.0058455	0.75
11371.696978834265	750	50.13751227820983	0.0	321064	2969.925381432026	1.2703946	0.75
11375.30674981499	750	50.527741297482315	0.0	361565	3609.77098072752	1.1912084	0.75
11378.790321745277	750	51.04416936719617	0.0	378327	3483.571930286147	1.1447736	0.75
11382.417166111582	750	51.41732500089068	0.0	390680	3626.8443663054936	1.2214854	0.75
11386.423513009762	750	51.41097810270947	0.0	345516	4006.346898181202	1.2880317	0.75
11391.987137075488	750	49.84735403698358	0.0	384505	5563.624065725887	1.22044	0.75
11398.691742371759	750	47.14274874071232	0.0	372093	6704.605296271265	1.1460199	0.75
11403.672079333577	750	46.162411778893066	0.0	438281	4980.33696181925	0.9590323	0.75
11408.01283918843	750	45.821651924039514	0.0	398987	4340.759854853554	1.3617277	0.75
11412.159971612355	750	45.67451950011485	0.0	393804	4147.132423924669	1.3579397	0.75
11415.9835348449	750	45.85095626757033	0.0	331053	3823.5632325445094	1.5412066	0.75
11418.84141329499	750	46.99307781748113	0.0	314107	2857.8784500892098	1.4971766	0.75

