13867.508462788464	750	4.0	6.8100179178166504	450283	6810.017917816651	0.672235	-28.533077046611595
13868.672778088783	300	6.835684699681131	0.0	155580	1164.3153003188686	0.2433988	-0.15000000000000002
13869.630911640206	300	9.877551148259398	0.0	139857	958.1335514217336	0.7030347	0.3
13870.759975083096	300	12.748487705369673	0.0	155432	1129.0634428897242	0.9465781	0.3
13872.05475222175	300	15.453710566715028	0.0	163442	1294.7771386546447	0.9709569	0.3
13873.02134078741	300	18.48712200105353	0.0	126289	966.5885656614953	0.93983305	0.3
13875.497490539472	750	20.010972248991575	0.0	352642	2476.1497520619605	0.8970559	0.3
13878.61573691985	750	20.892725868614665	0.0	437162	3118.2463803769087	0.2546113	0.75
13881.289098998861	750	22.219363789603744	0.0	374758	2673.362079010919	0.45638922	0.75
13884.071117886115	750	23.437344902350585	0.0	362795	2782.018887253157	0.5279153	0.75
13887.411593114513	750	24.096869673951108	0.0	353220	3340.475228399479	0.5038783	0.75
13890.626179231098	750	24.882283557366677	0.0	405134	3214.5861165844303	0.4356928	0.75
13893.612291521822	750	25.89617126664348	0.0	386351	2986.1122907231997	0.43562475	0.75
13896.99317181008	750	26.515290978384908	0.0	434409	3380.8802882585746	0.4445952	0.75
13899.752932857005	750	27.75552993145846	0.0	337059	2759.7610469264455	0.5362272	0.75
13902.661150949993	750	28.84731183847102	0.0	366214	2908.218092987445	0.52795494	0.75
13906.351397164315	750	29.1570656241476	0.0	360831	3690.246214323418	0.45682797	0.75
13911.696484953978	750	27.81197783448378	0.0	372963	5345.0877896638185	0.44128144	0.75
13916.217915203995	750	27.290547584466523	0.0	405596	4521.430250017255	0.2640382	0.75
13919.292172693555	750	28.216290094908956	0.0	350713	3074.257489557568	0.30112886	0.75
13923.046947999845	750	28.461514788619418	0.0	386472	3754.7753062895404	0.49619764	0.75
13927.045147280473	750	28.463315507990078	0.0	399894	3998.199280629337	0.3559451	0.75
13931.00343556853	750	28.50502721993243	0.0	401853	3958.288288057651	0.33105054	0.75
13934.388957100124	750	29.1195056883393	0.0	343800	3385.52153159313	0.37516898	0.75
13937.661667757277	750	29.846795031186026	0.0	359903	3272.7106571532718	0.34620214	0.75
13941.11348295171	750	30.394979836752114	0.0	379700	3451.8151944339124	0.44458327	0.75
13945.498252771022	750	30.010210017440535	0.0	425781	4384.769819311578	0.35497716	0.75
13950.036146542509	750	29.472316245955	0.0	277716	4537.893771485534	0.43162537	0.75
13954.41571364754	750	29.092749140922425	0.0	400396	4379.567105032576	0.35183012	0.75
13958.70982891914	750	28.798633869323012	0.0	400508	4294.115271599412	0.38376257	0.75
13962.595169667453	750	28.913293121011236	0.0	358218	3885.340748311777	0.42630517	0.75
13967.23830472972	750	28.270158058743203	0.0	400322	4643.135062268031	0.43408576	0.75
13976.367195102417	750	23.14126768604673	0.0	369834	9128.890372696473	0.33114964	0.75
13984.113077891367	750	19.395384897098236	0.0	412837	7745.8827889484955	0.67126673	0.75
13987.245806234658	750	20.262656553806124	0.0	401088	3132.728343292112	0.51071894	0.75
13989.779193787464	750	21.729269000998656	0.0	365161	2533.3875528074727	0.5291059	0.75
13993.85232393993	750	21.656138848534948	0.0	321064	4073.1301524637065	0.9581863	0.75
13996.428528840934	750	23.079933947529913	0.0	361565	2576.2049010050355	0.5281799	0.75
13998.86698442964	750	24.64147835882219	0.0	378327	2438.455588707722	0.72931206	0.75
14001.1901253528	750	26.31833743566273	0.0	390680	2323.1409231594603	0.8188236	0.75
14003.349271909881	750	28.15919087858215	0.0	345516	2159.146557080582	1.2470802	0.75
14007.558405666363	1200	27.950057122100112	0.0	641452	4209.13375648204	1.2896693	0.75
14012.46099598199	1200	27.04746680647369	0.0	599477	4902.590315626422	0.7659284	1.2
14017.697241240063	1200	25.811221548399647	0.0	634861	5236.245258074044	0.62999487	1.2
14023.43893089202	1200	24.06953189644291	0.0	630203	5741.68965195674	0.7678615	1.2
14027.961713307368	1200	23.546749481095482	0.0	638661	4522.782415347429	0.7215352	1.2
14033.223305910113	1200	22.285156878351362	0.0	538612	5261.592602744119	1.0110478	1.2
14037.299137731874	1200	22.209325056589684	0.0	550906	4075.8318217616757	0.85419214	1.2

