9866.046619137313	750	4.0	1.26305294249572	450283	1263.05294249572	0.17704722	-4.681127652731596
9867.586903283576	1200	6.45971585373713	0.0	611087	1540.2841462628705	1.0331818	0.75
9869.68958403495	1200	8.357035102363625	0.0	571051	2102.680751373504	0.7181145	1.2
9872.402161278269	1200	9.644457859045723	0.0	617681	2712.5772433179027	0.64494	1.2
9874.792604638445	1200	11.254014498868669	0.0	652874	2390.4433601770543	0.26200345	1.2
9876.672234702357	1200	13.374384434958174	0.0	520315	1879.6300639104945	0.46669853	1.2
9878.533735272822	1200	15.512883864491306	0.0	561791	1861.5005704668702	0.39830685	1.2
9881.216148890664	1200	16.83047024664955	0.0	709534	2682.4136178417557	0.4309916	1.2
9883.301313487249	1200	18.745305650065266	0.0	584846	2085.1645965842836	0.5209254	1.2
9885.146289822644	1200	20.900329314669666	0.0	560821	1844.9763353956005	0.6563391	1.2
9887.339249750969	1200	22.707369386345082	0.0	607410	2192.959928324583	0.68435514	1.2
9889.777634991568	1200	24.268984145745115	0.0	594078	2438.3852405999683	0.55243814	1.2
9892.226360564535	1200	25.820258572777693	0.0	624282	2448.725572967422	0.50957453	1.2
9894.810466336558	1200	27.236152800754784	0.0	687371	2584.1057720229123	0.4719125	1.2
9897.307902472467	1200	28.738716664845434	0.0	526950	2497.4361359093496	0.69127023	1.2
9899.797194529436	1200	30.24942460787505	0.0	587876	2489.2920569703856	0.5345649	1.2
9902.249218212437	1200	31.797400924875507	0.0	617242	2452.0236829995415	0.58677936	1.2
9904.608055235029	1200	33.43856390228403	0.0	581493	2358.837022591472	0.63430554	1.2
9906.799934422548	1200	35.24668471476351	0.0	639204	2191.8791875205166	0.5717416	1.2
9909.004531684046	1200	37.04208745326485	0.0	586839	2204.5972614986686	0.8261461	1.2
9911.526950968393	1200	38.51966816891889	0.0	601738	2522.419284345954	0.8005701	1.2
9913.523293937313	1200	40.52332519999886	0.0	616206	1996.3429689200316	0.7106149	1.2
9915.948712872156	1200	42.097906265156226	0.0	656471	2425.418934842627	0.8964095	1.2
9917.90754701547	1200	44.13907212184165	0.0	536667	1958.8341433145765	1.0156965	1.2
9919.812450843727	1200	46.234168293584716	0.0	587236	1904.903828256936	1.115853	1.2
9922.056797508905	1200	47.98982162840693	0.0	590335	2244.346665177788	1.1948874	1.2
9925.234941771929	1200	48.811677365382586	0.0	696376	3178.14426302434	1.1400346	1.2
9927.553928658821	1200	50.49269047849056	0.0	487160	2318.9868868920303	1.1358874	1.2
9930.089878229584	1200	51.9567409077275	0.0	622896	2535.949570763059	1.1240458	1.2
9932.321095380148	1200	53.72552375716497	0.0	641447	2231.2171505625283	1.2512376	1.2
9934.273844262858	1200	55.772774874455045	0.0	570392	1952.7488827099219	1.3832028	1.2
9941.159829257365	4300	52.88678987994671	0.0	2147852	6885.9849945083315	1.2044896	1.1999999999999997
9950.970501674235	4300	47.076117463077416	0.0	2191074	9810.672416869298	0.2240649	4.3
9961.603785451	4300	40.44283368631267	0.0	2286761	10633.28377676475	0.43328995	4.3
9972.066025816514	4300	33.98059332079868	0.0	2307787	10462.240365513986	0.57890946	4.3
9981.689239068332	4300	28.35738006898066	0.0	2143948	9623.213251818022	0.6933713	4.3
9986.271676288932	2850	27.774942848378586	0.0	1139291	4582.4372206020735	0.80088556	1.4000000000000001
9991.504798590786	2850	26.541820546524363	0.0	1499009	5233.122301854222	0.28411302	2.85
9996.517265183551	2850	25.529353953760264	0.0	1427478	5012.4665927641	0.23089671	2.85
10003.720711587866	2850	22.325907549444455	0.0	1402287	7203.446404315809	0.23268065	2.85
10009.11684267526	2850	20.92977646205208	0.0	1339500	5396.131087392377	0.35467923	2.85
10015.10193721327	2850	18.944681924040747	0.0	1527299	5985.0945380113335	0.3573379	2.85
10019.36020749073	2850	18.686411646580535	0.0	1343002	4258.270277460211	0.28802204	2.85
10024.063677159214	2850	17.9829419780968	0.0	1587250	4703.469668483731	0.3670007	2.85
10028.178695096814	2850	17.867924040495737	0.0	1464921	4115.017937601062	0.48959407	2.85
10032.519955043077	2850	17.52666409423362	0.0	1483527	4341.259946262118	0.42972845	2.85
10037.201375657347	2850	16.845243479965834	0.0	1231456	4681.420614267788	0.58062065	2.85
10042.720747128331	2850	15.32587200898241	0.0	1364537	5519.371470983425	0.47471905	2.85

