20212.17573083753	750	4.0	4.146410706663652	450283	4146.4107066636525	1.0858967	-17.079566038653706
20213.296033339688	300	6.879697497844862	0.0	155580	1120.3025021551377	0.69684917	-0.15000000000000002
20214.32497650131	300	9.850754336222511	0.0	139857	1028.9431616223508	0.7917894	0.3
20215.445921910996	300	12.729808926533472	0.0	155432	1120.945409689039	0.9233216	0.3
20216.60695687157	300	15.568773965961913	0.0	163442	1161.0349605715603	0.9905982	0.3
20218.86490604599	750	17.310824791540792	0.0	318564	2257.949174421121	1.0797157	0.3
20221.78155940648	750	18.39417143105199	0.0	352642	2916.653360488805	0.3442775	0.75
20225.08463486492	750	19.091095972611352	0.0	437162	3303.0754584406345	0.24026209	0.75
20228.327250385544	750	19.848480451989985	0.0	374758	3242.6155206213707	0.44683725	0.75
20232.472039714536	750	19.70369112300127	0.0	362795	4144.789328988712	0.37972245	0.75
20239.562187625805	750	16.613543211730814	0.0	353220	7090.1479112704565	0.243711	0.75
20247.03933233475	750	13.136398502783631	0.0	405134	7477.144708947184	0.56282234	0.75
20252.70108231207	750	11.47464852546317	0.0	386351	5661.749977320462	0.6154806	0.75
20256.61557033096	750	11.560160506574855	0.0	434409	3914.4880188883144	0.59988594	0.75
20259.7610412518	750	12.414689585731658	0.0	337059	3145.4709208431973	0.37168044	0.75
20263.0869320033	750	13.088798834231547	0.0	366214	3325.89075150011	0.38644153	0.75
20266.573829583325	750	13.601901254206044	0.0	360831	3486.897580025503	0.32634732	0.75
20273.119036033462	750	11.056694804069444	0.0	372963	6545.2064501366	0.27992797	0.75
20279.491687304737	750	8.684043532795515	0.0	405596	6372.6512712739295	0.61974937	0.75
20283.746198720863	750	8.429532116669936	0.0	350713	4254.511416125578	0.5938577	0.75
20288.789612501205	750	7.386118336325518	0.0	386472	5043.413780344417	0.55168027	0.75
20295.496708211085	750	4.679022626443851	0.0	399894	6707.095709881667	0.6837969	0.75
20297.472533122767	300	6.703197714762785	0.0	163927	1975.8249116810666	0.40457857	-0.15000000000000002
20299.98439305976	300	8.191337777769442	0.0	137654	2511.8599369933418	0.33729956	0.3
20304.619819118987	300	7.555911718543274	0.0	146754	4635.426059226169	0.25710696	0.3
20309.210756600216	300	6.96497423731411	0.0	153938	4590.9374812291635	0.072169766	0.3
20313.503641277723	300	6.672089559807016	0.0	181901	4292.884677507095	0.05858653	0.3
20315.39496750872	300	8.780763328807547	0.0	111155	1891.3262309994684	0.13319242	0.3
20316.962121568406	300	11.213609269125646	0.0	153605	1567.1540596819004	0.07861694	0.3
20318.885277096077	300	13.290453741452996	0.0	149029	1923.1555276726485	0.3304791	0.3
20321.13489565868	300	15.04083517885033	0.0	157421	2249.6185626026677	0.37826586	0.3
20323.08311230363	300	17.09261853390017	0.0	157488	1948.216644950161	0.34021142	0.3
20324.569680714238	300	19.60605012329265	0.0	143881	1486.5684106075169	0.62977004	0.3
20326.687255313347	300	21.488475524182032	0.0	163444	2117.5745991106182	0.7413162	0.3
20329.189751949107	300	22.985978888425475	0.0	179328	2502.496635756559	0.7933576	0.3
20331.0251129631	300	25.150617874433436	0.0	159914	1835.3610139920384	0.77819955	0.3
20332.406682158235	300	27.76904867929637	0.0	131610	1381.5691951370632	1.136573	0.3
20333.589407622665	300	30.586323214868244	0.0	124011	1182.725464428127	1.1051267	0.3
20335.24183148923	300	32.933899348300315	0.0	144254	1652.4238665679334	1.300347	0.3
20336.992166416472	300	35.183564421057014	0.0	149991	1750.3349272432995	1.2209363	0.3
20341.402349861255	750	34.77338097627515	0.0	345516	4410.183444781872	1.2491362	0.3
20346.332917073985	750	33.842813763547454	0.0	384505	4930.567212727695	0.6132904	0.75
20351.222068327075	750	32.953662510455906	0.0	372093	4889.151253091551	0.74241394	0.75
20357.32134720837	750	30.8543836291613	0.0	438281	6099.2788812946055	0.7176999	0.75
20361.76720539947	750	30.408525438062636	0.0	398987	4445.858191098666	0.7948057	0.75
20365.166690072747	750	31.009040764785308	0.0	393804	3399.48467327733	0.9192346	0.75
20367.30254878952	750	32.873182048009625	0.0	331053	2135.8587167756873	1.3755001	0.75
20374.345573267663	1850	29.830157569865968	0.0	846370	7043.024478143653	1.565007	0.75

