16122.781562445702	750	4.0	1.8471370276969283	450283	1847.1370276969283	0.48783013	-7.192689219096792
16124.720772835839	750	6.060789609862291	0.0	398865	1939.2103901377081	0.76314306	0.75
16126.459418658253	750	8.322143787449836	0.0	350812	1738.6458224124558	0.727126	0.75
16128.11929242429	750	10.662270021413521	0.0	382355	1659.8737660363154	0.8027872	0.75
16129.93196329094	750	12.849599154763846	0.0	411561	1812.670866649674	0.81567705	0.75
16132.297497571724	1200	14.48406487397874	0.0	520315	2365.5342807851057	0.9414918	0.75
16134.878427505273	1200	15.903134940429446	0.0	561791	2580.9299335492947	0.24819285	1.2
16137.283788030432	1200	17.497774415270055	0.0	709534	2405.3605251593913	0.17835414	1.2
16139.802125398035	1200	18.979437047668064	0.0	584846	2518.3373676019924	0.43384373	1.2
16141.96403606436	1200	20.81752638134274	0.0	560821	2161.9106663253233	0.38049483	1.2
16144.557612092527	1200	22.22395035317637	0.0	607410	2593.5760281663697	0.4919848	1.2
16147.405325305153	1200	23.376237140550362	0.0	594078	2847.713212626009	0.3469502	1.2
16150.703837557943	1200	24.07772488775949	0.0	624282	3298.5122527908734	0.35559994	1.2
16153.55535495182	1200	25.22620749388173	0.0	687371	2851.5173938777575	0.23029944	1.2
16155.722110921637	1200	27.059451524067285	0.0	526950	2166.755969814448	0.45482987	1.2
16158.094388618332	1200	28.687173827371545	0.0	587876	2372.277696695739	0.49311763	1.2
16160.663308805139	1200	30.118253640565115	0.0	617242	2568.9201868064315	0.5239867	1.2
16162.732797693589	1200	32.0487647521156	0.0	581493	2069.4888884495113	0.498644	1.2
16164.825016821771	1200	33.95654562393215	0.0	639204	2092.2191281834557	0.5811386	1.2
16167.463733216007	1200	35.31782922969533	0.0	586839	2638.716394236818	0.8224275	1.2
16169.492806860066	1200	37.288755585638434	0.0	601738	2029.0736440568924	0.61785984	1.2
16171.864674952762	1200	38.91688749294197	0.0	616206	2371.8680926964694	0.85902315	1.2
16174.356745155032	1200	40.42481729067394	0.0	656471	2492.070202268029	0.8061887	1.2
16176.301253618798	1200	42.480308826906985	0.0	536667	1944.5084637669547	0.9652669	1.2
16178.457698679873	1200	44.323863765829834	0.0	587236	2156.4450610771514	1.0703753	1.2
16180.84633757875	1200	45.935224866952794	0.0	590335	2388.638898877039	1.1159106	1.2
16184.07890327402	1200	46.70265917168448	0.0	696376	3232.565695268312	0.971949	1.2
16186.128173553234	1200	48.653388892469785	0.0	487160	2049.2702792146956	1.0734494	1.2
16189.38517891564	1200	49.39638353006341	0.0	622896	3257.005362406375	1.1356316	1.2
16192.387221296787	1200	50.3943411489174	0.0	641447	3002.0423811460164	0.89487493	1.2
16195.148071002826	1200	51.63349144287856	0.0	570392	2760.8497060388418	1.157758	1.2
16197.928225406393	1200	52.85333703931172	0.0	620283	2780.1544035668385	1.1787767	1.2
16200.680220702256	1200	54.101341743449304	0.0	584349	2751.995295862411	1.3560452	1.2
16203.69835938617	1200	55.08320305953379	0.0	670129	3018.1386839155184	1.2791367	1.2
16206.593784652441	1200	56.18777779326289	0.0	690253	2895.4252662708986	1.3291382	1.2
16216.15986187092	4300	50.62170057478458	0.0	2143948	9566.077218478305	1.3142945	1.1999999999999997
16229.2303922098	4300	41.55117023590516	0.0	1919781	13070.53033887942	0.13767023	4.3
16254.750371200507	4300	20.03119124519784	0.0	2147467	25519.978990707325	0.39078483	4.3
16263.5216461487	1850	15.259916297004226	0.0	908665	8771.274948193613	0.9812838	-0.6000000000000001
16270.50710223811	1850	12.274460207593881	0.0	930577	6985.456089410343	0.7796298	1.85
16274.424420344068	1200	12.357142101637857	0.0	566904	3917.3181059560247	0.7529356	0.5499999999999999
16278.5447103301	1200	12.23685211560737	0.0	641452	4120.289986030488	0.5880126	1.2
16283.898935858444	1200	10.882626587262285	0.0	599477	5354.225528345085	0.5367731	1.2
16289.76874235872	1200	9.012820086985014	0.0	634861	5869.80650027727	0.87216485	1.2
16295.002527013166	750	7.779035432539939	0.0	398987	5233.784654445076	0.5998429	0.3
16299.714266889445	750	7.067295556260887	0.0	393804	4711.739876279053	0.42696902	0.75
16302.83666889183	750	7.944893553875876	0.0	331053	3122.402002385011	0.5787874	0.75
16305.908824614775	750	8.872737830931008	0.0	314107	3072.155722944867	0.6223908	0.75

