13395.453591512003	750	4.0	4.549356298858494	450283	4549.356298858494	1.282779	-18.812232085091523
13396.940400587995	300	6.513190924009408	0.0	155580	1486.8090759905917	0.62005323	-0.15000000000000002
13397.861343551487	300	9.59224796051802	0.0	139857	920.942963491389	0.38200548	0.3
13399.017721198521	300	12.435870313484033	0.0	155432	1156.3776470339874	0.9782962	0.3
13400.31424466647	300	15.139346845534478	0.0	163442	1296.5234679495547	0.9033885	0.3
13401.357182038077	300	18.096409473928528	0.0	126289	1042.9373716059465	0.99499035	0.3
13402.528635938153	300	20.92495557385248	0.0	153295	1171.4539000760503	0.87139446	0.3
13406.33558992275	750	21.11800158925524	0.0	437162	3806.9539845972386	0.88884515	0.3
13409.821431553602	750	21.63215995840414	0.0	374758	3485.8416308510978	0.35338455	0.75
13412.93334100285	750	22.52025050915674	0.0	362795	3111.909449247404	0.32300472	0.75
13416.048456705725	750	23.405134806281698	0.0	353220	3115.1157028750404	0.3142212	0.75
13419.591471714642	750	23.86211979736385	0.0	405134	3543.015008917851	0.39796382	0.75
13423.129833918032	750	24.323757593974136	0.0	386351	3538.3622033897136	0.27866858	0.75
13427.185372402708	750	24.268219109298833	0.0	434409	4055.5384846753054	0.2721252	0.75
13431.105816219653	750	24.34777529235222	0.0	337059	3920.443816946613	0.31339794	0.75
13435.671696257936	750	23.78189525406997	0.0	366214	4565.880038282254	0.26258436	0.75
13438.723549660897	750	24.730041851109753	0.0	360831	3051.8534029602147	0.19838095	0.75
13441.69475810721	750	25.758833404794494	0.0	372963	2971.208446315256	0.3663596	0.75
13446.220214318513	750	25.233377193492526	0.0	405596	4525.456211301973	0.31699687	0.75
13450.306095165077	750	25.147496346928033	0.0	350713	4085.8808465644906	0.22969219	0.75
13454.61385164711	750	24.839739864896416	0.0	386472	4307.756482031619	0.3067116	0.75
13457.850821295233	750	25.602770216771447	0.0	399894	3236.96964812497	0.2358521	0.75
13460.739830300137	750	26.71376121186801	0.0	401853	2889.009004903434	0.40457192	0.75
13463.124042289468	750	28.329549222537505	0.0	343800	2384.2119893305066	0.50129235	0.75
13466.015190432254	750	29.43840107975063	0.0	359903	2891.1481427868757	0.5598097	0.75
13468.811909507367	750	30.641682004636248	0.0	379700	2796.7190751143817	0.53765607	0.75
13472.261915820282	750	31.191675691722374	0.0	425781	3450.0063129138753	0.52889365	0.75
13474.370498119977	750	33.08309339202754	0.0	277716	2108.582299694832	0.70077354	0.75
13477.3075124859	750	34.14607902610391	0.0	400396	2937.0143659236255	0.8359764	0.75
13480.155306984658	750	35.298284527347455	0.0	400508	2847.7944987564624	0.81631434	0.75
13483.158067023742	750	36.29552448826394	0.0	358218	3002.7600390835064	0.91975427	0.75
13486.489629287391	750	36.96396222461503	0.0	400322	3331.562263648916	0.86190295	0.75
13490.045293058223	750	37.40829845378052	0.0	369834	3555.6637708345115	0.84745014	0.75
13493.32397535817	750	38.12961615383497	0.0	412837	3278.6822999455458	0.81642556	0.75
13497.365225474912	750	38.08836603709175	0.0	401088	4041.250116743223	0.87836295	0.75
13504.042782753626	750	35.41080875837838	0.0	365161	6677.557278713375	0.8484042	0.75
13508.056160358958	750	35.39743115304693	0.0	321064	4013.377605331451	0.74034905	0.75
13513.41556902483	750	34.03802248717653	0.0	361565	5359.408665870406	0.8989451	0.75
13517.769548367216	750	33.684043144790486	0.0	378327	4353.979342386042	0.53361964	0.75
13522.00975787714	750	33.44383363486609	0.0	390680	4240.209509924395	0.77791256	0.75
13525.576021782856	750	33.87756972914866	0.0	345516	3566.2639057174283	0.7662957	0.75
13528.788885460182	750	34.66470605182205	0.0	384505	3212.8636773266085	0.83717895	0.75
13531.766373990122	750	35.68721752188289	0.0	372093	2977.488529939156	1.1288843	0.75
13535.561675995243	750	35.89191551676276	0.0	438281	3795.302005120127	1.1458797	0.75
13539.611055608755	750	35.84253590324892	0.0	398987	4049.3796135138405	1.153855	0.75
13543.372197439552	750	36.08139407245302	0.0	393804	3761.141830795899	1.0920082	0.75
13547.122556988781	750	36.33103452322324	0.0	331053	3750.3595492297873	1.4324203	0.75
13551.818746179813	750	35.63484533219012	0.0	314107	4696.1891910331215	1.3571873	0.75

