18587.80388082842	750	4.0	4.717391294739914	450283	4717.391294739914	0.6466365	-19.53478256738163
18589.258810964944	300	6.545069863471299	0.0	155580	1454.9301365287008	0.58393216	-0.15000000000000002
18590.509692881056	300	9.294187947363007	0.0	139857	1250.881916108293	0.39999142	0.3
18592.006217819726	300	11.797663008694082	0.0	155432	1496.524938668925	0.5878555	0.3
18593.900212903478	300	13.903667924942715	0.0	163442	1893.9950837513672	0.5521681	0.3
18595.236198178478	300	16.56768264994145	0.0	126289	1335.9852750012644	0.6053121	0.3
18596.95934286423	300	18.844537964188603	0.0	153295	1723.1446857528465	0.55753726	0.3
18599.222705553344	300	20.581175275074614	0.0	173849	2263.3626891139893	0.49152812	0.3
18601.235055505458	300	22.56882532296255	0.0	150710	2012.3499521120632	0.6380936	0.3
18603.045753602986	300	24.758127225433896	0.0	139105	1810.6980975286533	0.5439452	0.3
18604.800786479285	300	27.003094349131096	0.0	141840	1755.032876302796	0.55493927	0.3
18606.378465714974	300	29.42541511344605	0.0	156148	1577.6792356850463	0.45128465	0.3
18607.864712331982	300	31.93916849643605	0.0	160746	1486.2466170100017	0.71191466	0.3
18609.469202633776	300	34.33467819464281	0.0	179801	1604.4903017932422	0.758618	0.3
18610.909487745233	300	36.89439308318388	0.0	140051	1440.285111458925	0.93709874	0.3
18612.333078792235	300	39.470802036181595	0.0	138313	1423.591047002283	0.82439536	0.3
18613.623759368136	300	42.180121460283125	0.0	143509	1290.6805758984701	0.85187805	0.3
18615.225486758896	300	44.57839406952333	0.0	150616	1601.7273907597976	0.92028916	0.3
18616.548050028265	300	47.25583080015229	0.0	165384	1322.563269371036	0.8497968	0.3
18618.090014217512	300	49.71386661090738	0.0	140881	1541.964189244907	1.0019763	0.3
18619.86891970055	300	51.93496112786773	0.0	157671	1778.9054830396497	0.8489368	0.3
18621.40096657851	300	54.40291424990885	0.0	157812	1532.0468779588857	0.8499497	0.3
18623.096410042705	300	56.70747078571605	0.0	163927	1695.4434641928005	0.8652324	0.3
18624.67201113313	300	59.131869695287314	0.0	137654	1575.6010904287357	0.78996086	0.3
18627.51390109052	300	59.523685497270336	0.0	146754	1608.1841980169795	0.75352466	0.3
18630.122056376313	300	59.876460657756255	0.0	153938	1647.2248395140866	0.69675964	0.3
18633.881600626733	300	59.89715379383886	0.0	181901	1979.3068639173948	0.87411046	0.3
18636.53278697659	300	59.721679264460676	0.0	111155	1675.474529378181	0.888282	0.3
18640.657354446943	300	59.5971117941064	0.0	153605	3124.5674703542827	0.6598227	0.3
18644.412418848024	300	59.842047393029254	0.0	149029	2755.064401077137	0.6346872	0.3
18648.142457081747	300	59.664700236572514	0.0	157421	2677.3471564567435	0.724465	0.3
18651.855743990032	300	59.951413328284296	0.0	157488	2713.28690828822	0.6515819	0.3
18654.873235761963	300	59.52065641124886	0.0	143881	1930.7569170354368	0.75972813	0.3
18656.67099858758	300	59.53014239728605	0.0	163444	1490.5140139628083	0.8304182	0.3
18659.005003186812	300	59.95676452254734	0.0	179328	1573.3778747387137	1.2425815	0.3
18660.550930884066	300	59.93911399801613	0.0	159914	1517.6505245312082	1.4083601	0.3
18664.209045806292	300	59.83919511851514	0.0	131610	1599.9188795009898	1.5667979	0.3
18665.953662113574	300	59.88598505298664	0.0	124011	1453.2100655285044	1.2620813	0.3
18668.4222409467	300	59.75739875729991	0.0	144254	1128.5862956867243	1.4145174	0.3
18675.482259843477	1200	56.697379860522204	0.0	587506	7060.018896777709	1.6695042	0.29999999999999993
18693.821563729234	4300	42.35807597476381	0.0	2108491	18339.303885758392	1.1961079	1.1999999999999997
18718.43743819779	4300	21.74220150620517	0.0	2184571	24615.87446855864	0.08121675	4.3
18725.898195491103	1850	18.281444212896222	0.0	886255	7460.757293308948	0.8750677	-0.6000000000000001
18735.29654574207	1850	12.88309396193016	0.0	973972	9398.350250966063	0.55203533	1.85
18740.944286986283	1200	11.235352717713482	0.0	630203	5647.741244216678	0.8236275	0.5499999999999999
18746.8881415465	1200	9.291498157499355	0.0	638661	5943.854560214128	0.7547586	1.2
18752.17251442834	1200	8.007125275657675	0.0	538612	5284.372881841679	0.70065814	1.2
18756.00766488519	750	8.171974818808303	0.0	314107	3835.150456849371	0.6868839	0.3

