20384.88080184645	750	4.0	10.535228578788095	450283	10535.228578788096	0.2605089	-44.551482888788804
20386.271648794987	300	6.609153051467327	0.0	155580	1390.8469485326723	0.06616196	-0.15000000000000002
20387.954240733085	300	8.926561113369436	0.0	139857	1682.5919380978908	0.44631717	0.3
20390.234128812448	300	10.646673034004781	0.0	155432	2279.888079364655	0.2296031	0.3
20392.389968736537	300	12.490833109915867	0.0	163442	2155.8399240889144	0.25197965	0.3
20393.96276863396	300	14.918033212494962	0.0	126289	1572.7998974209063	0.18356156	0.3
20396.047397985632	300	16.833403860820415	0.0	153295	2084.629351674547	0.30184287	0.3
20398.271591664583	300	18.609210181872594	0.0	173849	2224.193678947818	0.23006965	0.3
20400.099501466368	300	20.78130038008848	0.0	150710	1827.9098017841122	0.39931178	0.3
20402.74657802189	300	22.134223824563275	0.0	139105	2647.0765555252055	0.4147571	0.3
20405.0850045601	300	23.795797286351394	0.0	141840	2338.426538211881	0.28242865	0.3
20408.255549562946	300	24.62525228350618	0.0	156148	3170.545002845213	0.20811108	0.3
20412.356923392603	300	24.52387845385177	0.0	160746	4101.37382965441	0.20225345	0.3
20417.113670089766	300	23.76713175668622	0.0	179801	4756.7466971655485	0.12789822	0.3
20420.77789860725	300	24.102903239200767	0.0	140051	3664.2285174854514	0.19264376	0.3
20423.31174626351	300	25.569055582941555	0.0	138313	2533.847656259213	0.08866736	0.3
20425.69058321299	300	27.190218633458553	0.0	143509	2378.836949482999	0.10549165	0.3
20428.500607904843	300	28.380193941603046	0.0	150616	2810.024691855506	0.12653208	0.3
20431.697054897708	300	29.183746948741014	0.0	165384	3196.4469928620333	0.0920856	0.3
20433.983709407305	300	30.897092439142764	0.0	140881	2286.654509598246	0.1425867	0.3
20436.879470786374	300	32.00133106007376	0.0	157671	2895.7613790690048	0.16472565	0.3
20439.885778544947	300	32.99502330149886	0.0	157812	3006.3077585749015	0.17957741	0.3
20444.014629572783	300	32.86617227366305	0.0	163927	4128.851027835818	0.17230812	0.3
20446.114411530005	300	34.76639031643734	0.0	137654	2099.7819572257076	0.18772256	0.3
20447.958085070048	300	36.92271677639708	0.0	146754	1843.6735400402645	0.28441238	0.3
20449.703522922635	300	39.17727892380825	0.0	153938	1745.4378525888235	0.35101148	0.3
20451.535233656436	300	41.345568190007434	0.0	181901	1831.7107338008198	0.50744826	0.3
20452.649808842496	300	44.23099300394805	0.0	111155	1114.5751860593841	0.8893587	0.3
20454.30762808612	300	46.5731737603249	0.0	153605	1657.819243623152	0.72581327	0.3
20456.452642789267	300	48.42815905717874	0.0	149029	2145.01470314616	0.85164344	0.3
20459.16230699473	300	49.718494851714354	0.0	157421	2709.6642054643817	0.8814328	0.3
20462.605036025983	300	50.2757658204646	0.0	157488	3442.729031249759	0.79225993	0.3
20465.476031069666	300	51.404770776781056	0.0	143881	2870.9950436835425	0.83614653	0.3
20468.305120437206	300	52.57568140924331	0.0	163444	2829.0893675377433	0.74589133	0.3
20471.238548571062	300	53.64225327538612	0.0	179328	2933.4281338571927	0.8567481	0.3
20473.703589248107	300	55.177212598343374	0.0	159914	2465.040677042741	0.8589859	0.3
20475.42984703724	300	57.450954809209996	0.0	131610	1726.25778913338	1.0871341	0.3
20477.094337770824	300	59.78646407562687	0.0	124011	1664.4907335831288	0.99114865	0.3
20480.4592449851	300	59.65339273456949	0.0	144254	1633.0713410573765	1.1324232	0.3
20483.89266585392	300	59.77260022726858	0.0	149991	1880.7925073009071	1.4495051	0.3
20486.57381696863	300	59.63833887917406	0.0	147968	2634.2613480945215	1.4370403	0.3
20491.13142485484	300	59.08073099296492	0.0	161857	4557.607886209139	1.2196558	0.3
20494.719199680756	300	59.49295616704851	0.0	145210	3587.774825916406	1.30835	0.3
20499.22342280404	300	58.988733043765045	0.0	172312	4504.2231232834665	1.3476323	0.3
20503.248538196694	300	58.96361765110997	0.0	167025	4025.115392655073	1.3975763	0.3
20506.698540446265	300	59.51361540153911	0.0	160064	3450.002249570856	1.5214355	0.3
20510.647303360096	300	59.56485248770698	0.0	137507	3448.762913832133	1.6811199	0.3
20514.325612663666	300	59.886543184134894	0.0	118421	3678.309303572091	1.555315	0.3

