701.1145416440811	750	4.0	7.528019682657206	450283	7528.0196826572055	0.82775474	-31.62048463542598
703.4108958971515	300	5.7036457469296495	0.0	155580	2296.3542530703508	0.18375677	-0.15000000000000002
705.4161015686044	300	7.698440075476701	0.0	139857	2005.2056714529485	0.09254734	0.3
707.8139463223487	300	9.300595321732349	0.0	155432	2397.844753744352	0.11506045	0.3
711.1775612784995	300	9.936980365581523	0.0	163442	3363.614956150826	0.13611062	0.3
713.4283532995688	300	11.686188344512361	0.0	126289	2250.792021069161	0.11507659	0.3
716.1139733503135	300	13.000568293767628	0.0	153295	2685.6200507447343	0.10885569	0.3
718.961513542888	300	14.153028101193177	0.0	173849	2847.5401925744527	0.078252316	0.3
721.2335016546195	300	15.881039989461582	0.0	150710	2271.988111731594	0.12061316	0.3
723.0258156654702	300	18.088725978610956	0.0	139105	1792.3140108506266	0.13357167	0.3
724.5924981854155	300	20.522043458665642	0.0	141840	1566.6825199453172	0.2113356	0.3
725.9285979702562	300	23.185943673824937	0.0	156148	1336.0997848407035	0.27112517	0.3
727.7624848433883	300	25.35205680069283	0.0	160746	1833.8868731321086	0.7311402	0.3
729.6987349595801	300	27.415806684501064	0.0	179801	1936.250116191764	0.48344392	0.3
731.3785986407988	300	29.735943003282383	0.0	140051	1679.8636812186803	0.8086614	0.3
732.8291228432914	300	32.285418800789806	0.0	138313	1450.5242024925806	0.66412103	0.3
734.2399005964395	300	34.874641047641646	0.0	143509	1410.777753148164	0.7932363	0.3
735.8663252482959	300	37.24821639578527	0.0	150616	1626.424651856377	0.9010943	0.3
737.7517921623903	300	39.3627494816909	0.0	165384	1885.4669140943727	0.8220998	0.3
739.277772009556	300	41.83676963452527	0.0	140881	1525.979847165626	0.8864267	0.3
741.1612287750256	300	43.95331286905559	0.0	157671	1883.4567654696766	0.8512465	0.3
743.0723565051167	300	46.04218513896449	0.0	157812	1911.1277300910963	0.82358104	0.3
745.0185125651441	300	48.0960290789371	0.0	163927	1946.156060027394	0.7879927	0.3
746.7416458942123	300	50.372895749868896	0.0	137654	1723.1333290682023	0.8100023	0.3
748.7162779428894	300	52.39826370119188	0.0	146754	1974.6320486770217	0.7374209	0.3
750.7115027040056	300	54.40303894007569	0.0	153938	1995.224761116184	0.6259192	0.3
753.1690340441412	300	55.94550759994009	0.0	181901	2457.5313401355957	0.68280613	0.3
754.9223479214136	300	58.1921937226677	0.0	111155	1753.313877272392	0.74299014	0.3
757.417187112216	300	59.697354531865315	0.0	153605	2494.8391908023914	0.53048515	0.3
761.4002386395883	300	59.71430300449304	0.0	149029	2483.0515273722717	0.55370116	0.3
765.3691539892828	300	59.716703601977926	0.0	157421	1997.5994025151178	0.63752496	0.3
768.1972774960033	300	59.97329984605728	0.0	157488	2243.4037559206477	0.7436543	0.3
770.1574215978867	300	59.99558767051557	0.0	143881	1477.7121755417068	0.794731	0.3
772.3934127991986	300	59.95880802823046	0.0	163444	2036.7796422851109	1.0631763	0.3
774.7466761485002	300	59.921782176042996	0.0	179328	2037.0258521874657	0.9707345	0.3
778.7827361541418	300	59.885722170401365	0.0	159914	2036.0600056416324	1.1349502	0.3
782.2917969831497	300	59.78234045482542	0.0	131610	1603.3817155759414	1.2607856	0.3
785.449897434945	300	59.85112979994367	0.0	124011	1431.2106548817535	1.2195566	0.3
788.7087508428732	300	59.73014793718635	0.0	144254	2120.981862757315	1.3634452	0.3
792.0388902547097	300	59.58401401350355	0.0	149991	1646.1339236828096	1.2604976	0.3
794.972206014868	300	59.92935886800126	0.0	147968	1654.6551455022834	1.6069453	0.3
798.7649053261817	300	59.53233961467238	0.0	161857	1897.0192533288778	1.5440421	0.3
802.057329856346	300	59.738967312082714	0.0	145210	2293.372302589672	1.6794152	0.3
804.8092678294556	300	59.732524405815155	0.0	172312	2006.442906267558	1.5197577	0.3
807.0237947078485	300	59.808008524039785	0.0	167025	1924.5158817753738	1.701778	0.3
829.336366831392	4300	41.495436400496445	0.0	2246506	22312.572123543338	1.714989	0.2999999999999998
848.002710203683	4300	26.8290930282054	0.0	1961140	18666.343372291045	0.019365182	4.3
853.8733577239188	1850	24.958445507969532	0.0	846370	5870.647520235867	1.130336	-0.6000000000000001

