17157.557040864023	750	4.0	2.855960794164828	450283	2855.9607941648283	0.9715944	-11.530631414908761
17159.115221667387	750	6.441819196637774	0.0	398865	1558.1808033622256	0.58558834	0.75
17160.449931474872	750	9.107109389153718	0.0	350812	1334.7098074840558	0.8806388	0.75
17162.4199186334	750	11.137122230623794	0.0	382355	1969.9871585299243	1.0251577	0.75
17164.596150920894	750	12.960889943130661	0.0	411561	2176.232287493132	0.78511834	0.75
17167.799707347676	1200	13.757333516349613	0.0	520315	3203.55642678105	0.8696697	0.75
17171.318012341042	1200	14.23902852298589	0.0	561791	3518.3049933637217	0.13505757	1.2
17174.825936024194	1200	14.731104839834407	0.0	709534	3507.923683151484	0.14442274	1.2
17176.97601338943	1200	16.58102747459743	0.0	584846	2150.077365236974	0.14206797	1.2
17179.320006102047	1200	18.23703476197895	0.0	560821	2343.992712618482	0.35229844	1.2
17181.766426619342	1200	19.790614244682402	0.0	607410	2446.420517296549	0.38984203	1.2
17183.640189077265	1200	21.91685178676193	0.0	594078	1873.7624579204705	0.32548088	1.2
17185.969713509905	1200	23.587327354121214	0.0	624282	2329.5244326407164	0.4548431	1.2
17188.98421536116	1200	24.572825502867424	0.0	687371	3014.5018512537895	0.39057916	1.2
17191.47184808351	1200	26.085192780516905	0.0	526950	2487.632722350518	0.45185286	1.2
17194.857500182494	1200	26.69954068153325	0.0	587876	3385.6520989836586	0.45628572	1.2
17198.531265647438	1200	27.025775216589498	0.0	617242	3673.765464943753	0.35567337	1.2
17201.307751439927	1200	28.249289424101896	0.0	581493	2776.485792487603	0.28863892	1.2
17204.53086733772	1200	29.02617352630764	0.0	639204	3223.1158977942555	0.34035242	1.2
17208.45445624709	1200	29.102584616934223	0.0	586839	3923.588909373419	0.40435505	1.2
17212.904963733075	1200	28.65207713094829	0.0	601738	4450.507485985933	0.24317357	1.2
17217.014208672055	1200	28.54283219197223	0.0	616206	4109.244938976059	0.17145559	1.2
17221.3324053185	1200	28.224635545528127	0.0	656471	4318.196646444102	0.16438189	1.2
17224.269911306794	1200	29.28712955723306	0.0	536667	2937.505988295067	0.18877488	1.2
17227.841344389006	1200	29.71569647502133	0.0	587236	3571.4330822117286	0.31518066	1.2
17233.721144923933	1200	27.835895940095053	0.0	590335	5879.8005349262785	0.25304866	1.2
17238.8632688436	1200	26.693772020424557	0.0	696376	5142.1239196704955	0.18799232	1.2
17243.749134862293	1200	25.80790600173512	0.0	487160	4885.8660186894385	0.27251035	1.2
17249.39387314008	1200	24.163167723946447	0.0	622896	5644.7382777886705	0.23434879	1.2
17256.427604127603	1200	21.1294367364274	0.0	641447	7033.730987519047	0.2379439	1.2
17261.221764711696	1200	20.335276152330216	0.0	570392	4794.1605840971815	0.3368177	1.2
17264.922869470956	1200	20.634171393070076	0.0	620283	3701.1047592601417	0.2689669	1.2
17269.308102540897	1200	20.24893832312847	0.0	584349	4385.233069941606	0.31515735	1.2
17279.38564440193	1200	14.171396462095965	0.0	670129	10077.541861032505	0.35207784	1.2
17283.399260847065	1200	14.157780016961546	0.0	690253	4013.61644513442	0.8925096	1.2
17286.586419882915	1200	14.970620981109532	0.0	598727	3187.1590358520125	0.38952968	1.2
17288.88346223961	1200	16.673578624418866	0.0	487812	2297.042356690664	0.49944237	1.2
17291.000740949108	1200	18.556299914918394	0.0	575591	2117.2787095004705	0.5789769	1.2
17293.205448238416	1200	20.351592625612852	0.0	605884	2204.7072893055465	0.743835	1.2
17295.1670171016	1200	22.390023762425713	0.0	587506	1961.5688631871387	0.95651186	1.2
17297.173952077617	1200	24.383088786412152	0.0	566904	2006.9349760135613	1.2067319	1.2
17299.331337476502	1200	26.225703387525503	0.0	641452	2157.3853988866467	1.2887828	1.2
17302.039077567595	1850	27.517963296431663	0.0	886255	2707.7400910938404	1.323509	1.2000000000000002
17304.601038323868	1850	28.956002540160675	0.0	973972	2561.9607562709843	0.9276324	1.85
17310.7007286409	4300	26.856312223127922	0.0	2124950	6099.690317032753	1.0551968	1.8499999999999996
17319.34508326138	4300	22.21195760264447	0.0	2246506	8644.354620483451	0.06511326	4.3
17330.263205653024	4300	15.293835211004819	0.0	1961140	10918.122391639652	0.09639531	4.3
17341.135744194704	4300	8.421296669324285	0.0	2155012	10872.538541680533	0.75769264	4.3

