1848.6426911006802	750	4.0	4.010168074006698	450283	4010.168074006698	0.65006346	-16.4937227182288
1849.8166091933267	300	6.8260819073535774	0.0	155580	1173.9180926464226	0.7149053	-0.15000000000000002
1850.8216233739313	300	9.821067726748996	0.0	139857	1005.0141806045834	0.7119554	0.3
1851.9498422624652	300	12.692848838215301	0.0	155432	1128.218888533694	0.94358295	0.3
1853.0901760354377	300	15.552515065242709	0.0	163442	1140.3337729725922	0.9804064	0.3
1854.797946287865	750	17.844744812815424	0.0	318564	1707.7702524272838	1.0943592	0.3
1856.71865262276	750	19.9240384779207	0.0	352642	1920.7063348947245	0.58811283	0.75
1858.9120515262327	750	21.730639574447547	0.0	437162	2193.3989034731517	0.5884866	0.75
1860.8914045319545	750	23.75128656872585	0.0	374758	1979.3530057216979	0.83577895	0.75
1862.818114418457	750	25.82457668222337	0.0	362795	1926.7098865024789	0.85405225	0.75
1864.6917814374199	750	27.95090966326059	0.0	353220	1873.6670189627791	0.8862071	0.75
1867.5399646914775	1200	29.102726409202717	0.0	594078	2848.1832540578725	0.8998384	0.75
1869.9536915794376	1200	30.688999521242625	0.0	624282	2413.7268879600924	0.26546204	1.2
1873.6839689860733	1200	30.95872211460682	0.0	687371	3730.2774066358043	0.32418016	1.2
1876.9997069354163	1200	31.64298416526389	0.0	526950	3315.737949342932	0.31556565	1.2
1880.2235932503813	1200	32.419097850298726	0.0	587876	3223.886314965167	0.30821797	1.2
1883.1472998025947	1200	33.4953912980852	0.0	617242	2923.7065522135226	0.31611013	1.2
1885.972415064591	1200	34.67027603608913	0.0	581493	2825.115261996074	0.36935833	1.2
1888.7965522603654	1200	35.84613884031467	0.0	639204	2824.1371957744527	0.34990335	1.2
1891.5533783710284	1200	37.08931272965149	0.0	586839	2756.8261106631867	0.48314422	1.2
1894.140813474052	1200	38.501877626627895	0.0	601738	2587.4351030235925	0.45860606	1.2
1897.275243531522	1200	39.36744756915813	0.0	616206	3134.43005746976	0.49401498	1.2
1900.5074621373708	1200	40.135228963309174	0.0	656471	3232.2186058489615	0.40866828	1.2
1903.2126309422658	1200	41.43006015841435	0.0	536667	2705.1688048948204	0.52817625	1.2
1906.444975643189	1200	42.19771545749099	0.0	587236	3232.344700923355	0.60636985	1.2
1909.6251018088176	1200	43.01758929186262	0.0	590335	3180.1261656283727	0.5066434	1.2
1914.2499436599746	1200	42.39274744070555	0.0	696376	4624.84185115707	0.47069782	1.2
1917.1862065857847	1200	43.45648451489565	0.0	487160	2936.262925809894	0.4547608	1.2
1920.6281179267992	1200	44.014573173881004	0.0	622896	3441.911341014648	0.49265784	1.2
1924.6986086959203	1200	43.944082404759854	0.0	641447	4070.490769121158	0.48729837	1.2
1928.0563399181185	1200	44.586351182561785	0.0	570392	3357.73122219807	0.49573043	1.2
1931.4717009784204	1200	45.17099012225987	0.0	620283	3415.3610603019147	0.53517103	1.2
1935.0395897918054	1200	45.60310130887476	0.0	584349	3567.888813385107	0.7139956	1.2
1939.9291078368024	1200	44.71358326387789	0.0	670129	4889.518044996877	0.57919014	1.2
1946.759284420756	1200	41.88340667992405	0.0	690253	6830.176583953836	0.45191145	1.2
1951.6839963155692	1200	40.958694785110964	0.0	598727	4924.711894813089	0.41163343	1.2
1959.7678145592045	1200	36.87487654147557	0.0	487812	8083.818243635399	0.6369901	1.2
1966.9948690762476	1200	33.64782202443257	0.0	575591	7227.054517043	0.456708	1.2
1972.2863777728605	1200	32.35631332781957	0.0	605884	5291.508696612999	0.55458426	1.2
1978.963223431636	1200	29.679467669044172	0.0	587506	6676.8456587754	0.5694597	1.2
1983.6700836302664	1200	28.9726074704136	0.0	566904	4706.860198630569	0.6475667	1.2
1990.1100935894451	1200	26.532597511234876	0.0	641452	6440.009959178726	0.63907415	1.2
1996.3656073416362	1200	24.277083759043773	0.0	599477	6255.5137521911	0.7207112	1.2
2003.6980104269069	1200	20.94468067377308	0.0	634861	7332.403085270693	0.5973874	1.2
2008.636175601415	1200	20.006515499264825	0.0	630203	4938.165174508256	0.6834514	1.2
2016.2642072537317	1200	16.378483846948154	0.0	638661	7628.031652316671	0.6757468	1.2
2021.2112909605084	1200	15.431400140171613	0.0	538612	4947.0837067765415	0.8183088	1.2
2028.830002505148	1200	11.812688595531927	0.0	550906	7618.7115446396865	0.87007606	1.2

