2912.90855042351	750	4.0	2.572266498290951	450283	2572.266498290951	0.8140301	-10.310745942651089
2915.05266940258	750	5.855881020930088	0.0	398865	2144.1189790699123	0.5535771	0.75
2921.8264584770723	750	4.0	0.9179080535625963	350812	6773.789074492684	0.64007914	-3.197004630319164
2924.4153318785748	300	5.4111265984976855	0.0	155432	2588.873401502315	0.69625884	-0.15000000000000002
2927.3375960422945	300	6.488862434777878	0.0	163442	2922.2641637198076	0.46851754	0.3
2929.538601355964	300	8.287857121107965	0.0	126289	2201.0053136699134	0.5076706	0.3
2932.5929815573922	300	9.233476919680362	0.0	153295	3054.380201427604	0.2738622	0.3
2936.4103627545464	300	9.41609572252596	0.0	173849	3817.3811971544023	0.15013005	0.3
2939.0995146840714	300	10.726943793001197	0.0	150710	2689.151929524762	0.11541465	0.3
2941.887328357553	300	11.939130119519348	0.0	139105	2787.81367348185	0.13376544	0.3
2945.2491423710017	300	12.577316106070727	0.0	141840	3361.8140134486216	0.08235158	0.3
2948.291567266761	300	13.53489121031171	0.0	156148	3042.4248957590175	0.049739506	0.3
2950.6775058709954	300	15.148952606077124	0.0	160746	2385.938604234586	0.07641865	0.3
2952.9482689299534	300	16.878189547119348	0.0	179801	2270.7630589577734	0.087771446	0.3
2954.7821761035902	300	19.04428237348231	0.0	140051	1833.90717363704	0.25778386	0.3
2956.5754055637794	300	21.25105291329274	0.0	138313	1793.2294601895715	0.2018164	0.3
2958.324671746009	300	23.501786731063987	0.0	143509	1749.266182228753	0.26968947	0.3
2959.9569312631374	300	25.869527213934756	0.0	150616	1632.259517129233	0.41608968	0.3
2961.5983959912164	300	28.228062485855897	0.0	165384	1641.4647280788547	0.53698856	0.3
2962.71482296012	300	31.11163551695244	0.0	140881	1116.4269689034584	0.8437654	0.3
2963.859239307422	300	33.96721916965053	0.0	157671	1144.416347301914	1.0520296	0.3
2964.6950758197604	300	37.13138265731169	0.0	157812	835.8365123388337	1.1093377	0.3
2968.059755947492	1200	37.766702529580456	0.0	656471	3364.6801277312334	1.2606202	0.29999999999999993
2970.383395424267	1200	39.44306305280542	0.0	536667	2323.639476775033	0.3913089	1.2
2976.0064925462048	1200	37.819965930867205	0.0	587236	5623.097121938216	0.5803802	1.2
2985.536999615059	1200	32.28945886201343	0.0	590335	9530.507068853776	0.25945544	1.2
2999.1749453548537	1200	22.6515131222184	0.0	696376	13637.94573979503	0.28748295	1.2
3005.8806709848072	1200	19.94578749226492	0.0	487160	6705.725629953478	0.62906045	1.2
3012.6248837483217	1200	17.201574728750398	0.0	622896	6744.212763514523	0.5847599	1.2
3018.114235118923	1200	15.712223358149517	0.0	641447	5489.351370600883	0.46529078	1.2
3026.2444695148906	1200	11.581988962181654	0.0	570392	8130.234395967861	0.4761211	1.2
3032.5263618036224	1200	9.300096673449756	0.0	620283	6281.892288731898	0.9831203	1.2
3036.1035607164595	750	9.722897760612646	0.0	369834	3577.1989128371097	0.76632714	0.3
3039.056413517169	750	10.770044959903585	0.0	412837	2952.852800709063	0.37972242	0.75
3041.808769966367	750	12.017688510705218	0.0	401088	2752.3564491983657	0.42415324	0.75
3044.3199820316586	750	13.506476445413826	0.0	365161	2511.2120652913923	0.66131526	0.75
3046.5863612189496	750	15.240097258122692	0.0	321064	2266.3791872911343	0.7255827	0.75
3049.2479432243877	750	16.57851525268469	0.0	361565	2661.5820054380065	0.56356955	0.75
3051.973980173231	750	17.85247830384146	0.0	378327	2726.036948843229	0.6884476	0.75
3054.089131839348	750	19.737326637724678	0.0	390680	2115.1516661167802	0.95362544	0.75
3057.586115414719	1200	20.240343062353375	0.0	566904	3496.9835753713014	1.2022578	0.75
3061.309003880912	1200	20.517454596160345	0.0	641452	3722.888466193032	0.60484254	1.2
3066.44194499887	1200	19.3845134782023	0.0	599477	5132.941117958042	0.82958174	1.2
3078.538875650631	1200	11.287582826441515	0.0	634861	12096.930651760787	0.6074333	1.2
3088.285921898767	1200	5.540536578305265	0.0	630203	9747.046248136248	1.0225064	1.2
3091.9923580767404	750	5.8341004003315025	0.0	393804	3706.4361779737624	1.0097811	0.3
3094.725022698868	750	7.101435778203884	0.0	331053	2732.6646221276183	0.7105631	0.75
3099.5563913834117	750	6.2700670936601295	0.0	314107	4831.368684543755	0.8504289	0.75

