21744.79335884401	750	4.0	3.974865311257283	450283	3974.865311257283	0.6331163	-16.341920838406317
21745.97047786743	300	6.822880976576757	0.0	155580	1177.1190234232433	0.71850955	-0.15000000000000002
21746.852667690386	300	9.94069115362493	0.0	139857	882.1898229518268	0.70785236	0.3
21747.8591472614	300	12.934211582611233	0.0	155432	1006.4795710136967	1.0923879	0.3
21748.888229848628	300	15.905128995383992	0.0	163442	1029.0825872272417	1.1239741	0.3
21750.45047526921	750	18.342883574799668	0.0	318564	1562.2454205843242	1.1629014	0.3
21752.03566695422	750	20.75769188979019	0.0	352642	1585.1916850094735	0.69870603	0.75
21754.085866361103	750	22.70749248290644	0.0	437162	2050.199406883751	0.76495934	0.75
21755.6896192205	750	25.103739623510744	0.0	374758	1603.7528593956943	0.90552974	0.75
21759.108198158432	1200	25.68516068557717	0.0	560821	3418.5789379335724	0.9731053	0.75
21762.24404589029	1200	26.549312953719383	0.0	607410	3135.8477318577893	0.2051728	1.2
21765.124787890145	1200	27.668570953866016	0.0	594078	2880.7419998533665	0.20704105	1.2
21768.308859194247	1200	28.48449964976403	0.0	624282	3184.0713041019894	0.27079493	1.2
21771.537525608142	1200	29.255833235869883	0.0	687371	3228.6664138941433	0.25128347	1.2
21774.21178495925	1200	30.581573884761507	0.0	526950	2674.259351108376	0.35767618	1.2
21777.583792883117	1200	31.209565960894555	0.0	587876	3372.007923866954	0.35052666	1.2
21780.71023834281	1200	32.083120501201286	0.0	617242	3126.44545969327	0.29791716	1.2
21783.773999872647	1200	33.01935897136532	0.0	581493	3063.761529835962	0.2993185	1.2
21786.62326282852	1200	34.1700960154918	0.0	639204	2849.262955873523	0.29535758	1.2
21789.163301160097	1200	35.630057683915844	0.0	586839	2540.038331575953	0.44593823	1.2
21791.93429960018	1200	36.85905924383141	0.0	601738	2770.9984400844323	0.4710352	1.2
21795.072583640642	1200	37.720775203368554	0.0	616206	3138.284040462862	0.47003013	1.2
21798.74323730268	1200	38.050121541330114	0.0	656471	3670.6536620384427	0.3939809	1.2
21801.433817694575	1200	39.35954114943545	0.0	536667	2690.5803918946585	0.398015	1.2
21804.24897566695	1200	40.54438317706136	0.0	587236	2815.157972374087	0.54676044	1.2
21806.75436444451	1200	42.03899439950136	0.0	590335	2505.3887775600037	0.5441942	1.2
21809.452137666573	1200	43.341221177438484	0.0	696376	2697.7732220628745	0.6299602	1.2
21811.113366980342	1200	45.67999186367086	0.0	487160	1661.2293137676331	0.994167	1.2
21813.22822899258	1200	47.565129851434534	0.0	622896	2114.8620122363236	1.084558	1.2
21815.728394262733	1200	49.0649645812819	0.0	641447	2500.1652701526323	1.1632206	1.2
21817.81786886827	1200	50.97548997573908	0.0	570392	2089.4746055428204	1.2282293	1.2
21820.585728506474	1200	52.20763033753586	0.0	620283	2767.859638203221	1.3109742	1.2
21822.684657622372	1200	54.108701221641745	0.0	584349	2098.9291158941214	1.3597062	1.2
21833.76291271394	4300	47.03044613007014	0.0	2286761	11078.255091571602	1.3046874	1.1999999999999997
21843.958765911062	4300	40.83459293294922	0.0	2307787	10195.853197120916	0.19585717	4.3
21860.962718843224	4300	27.83064000078349	0.0	2143948	17003.952932165732	0.34799796	4.3
21872.85915016099	4300	19.934208683016397	0.0	1919781	11896.43131776709	1.0972493	4.3
21884.412577430077	1850	12.380781413930483	0.0	938587	11553.427269085914	1.1888583	-0.6000000000000001
21889.06053876261	1200	11.732820081395733	0.0	605884	4647.961332534748	0.99350035	0.5499999999999999
21893.41888644365	1200	11.374472400355764	0.0	587506	4358.347681039971	0.5966075	1.2
21901.118815157788	1200	7.674543686216616	0.0	566904	7699.928714139148	0.4553191	1.2
21905.340230759175	750	7.453128084833103	0.0	384505	4221.415601383514	0.80770636	0.3
21908.713315141038	750	8.080043702967833	0.0	372093	3373.0843818652697	0.3352794	0.75
21911.803286583905	750	8.99007226010022	0.0	438281	3089.971442867612	0.34231102	0.75
21914.322352098978	750	10.471006745026592	0.0	398987	2519.065515073628	0.76886153	0.75
21918.47802688572	1200	10.315331958282748	0.0	638661	4155.674786743844	1.1017971	0.75
21922.517956359323	1200	10.275402484682571	0.0	538612	4039.9294736001775	0.8588041	1.2
21927.832788002972	1200	8.960570841035867	0.0	550906	5314.831643646704	0.7679403	1.2

