21567.636346264182	750	4.0	3.5013497766476167	450283	3501.3497766476166	0.26464522	-14.305804039584752
21569.637039313962	750	5.999306950223179	0.0	398865	2000.6930497768208	0.7137868	0.75
21571.195675624786	750	8.44067063940111	0.0	350812	1558.636310822068	0.6665443	0.75
21572.960974684916	750	10.675371579270124	0.0	382355	1765.2990601309868	0.7936025	0.75
21574.569944121566	750	13.066402142621186	0.0	411561	1608.9694366489382	0.8456996	0.75
21576.696078484714	1200	14.940267779471135	0.0	520315	2126.1343631500517	0.9926337	0.75
21579.025511208238	1200	16.610835055949984	0.0	561791	2329.4327235211504	0.2617157	1.2
21582.489930177515	1200	17.14641608667378	0.0	709534	3464.418969276207	0.20179431	1.2
21586.49954734689	1200	17.13679891729546	0.0	584846	4009.6171693783162	0.22140372	1.2
21590.401977728372	1200	17.234368535813513	0.0	560821	3902.4303814819505	0.15737528	1.2
21594.648533215808	1200	16.987813048375152	0.0	607410	4246.555487438359	0.14827487	1.2
21598.525110781782	1200	17.111235482404233	0.0	594078	3876.577565970917	0.12294322	1.2
21602.165987196684	1200	17.47035906750011	0.0	624282	3640.8764149041226	0.14977297	1.2
21606.066494987757	1200	17.56985127642847	0.0	687371	3900.5077910716423	0.15799946	1.2
21610.969229315284	1200	16.66711694890076	0.0	526950	4902.734327527709	0.15613784	1.2
21617.488223793516	1200	14.148122470668707	0.0	587876	6518.994478232052	0.26167762	1.2
21624.473249963383	1200	11.163096300800687	0.0	617242	6985.02616986802	0.67619544	1.2
21631.504449581615	1200	8.13189668256898	0.0	581493	7031.199618231707	0.85448956	1.2
21634.225256622532	750	9.411089641648934	0.0	405596	2720.8070409200463	1.015812	0.3
21636.16948297146	750	11.466863292718742	0.0	350713	1944.226348930193	0.33931744	0.75
21638.02878615254	750	13.607560111646018	0.0	386472	1859.3031810727227	0.616331	0.75
21640.407668363205	750	15.228677900979008	0.0	399894	2378.8822106670113	0.7715103	0.75
21642.366775533144	750	17.2695707310428	0.0	401853	1959.1071699362064	0.57569474	0.75
21643.80432137012	750	19.83202489406423	0.0	343800	1437.5458369785708	0.86595523	0.75
21645.511112853794	750	22.125233410390052	0.0	359903	1706.7914836741754	1.0483844	0.75
21649.465252216047	1200	22.171094048137977	0.0	590335	3954.1393622520786	1.0818067	0.75
21657.660731845273	1200	17.975614418913	0.0	696376	8195.479629224978	0.20891502	1.2
21660.32044017458	1200	19.315906089608834	0.0	487160	2659.708329304163	0.4630012	1.2
21664.020972706247	1200	19.615373557939602	0.0	622896	3700.5325316692324	0.31721783	1.2
21667.354812490834	1200	20.281533773354663	0.0	641447	3333.8397845849395	0.19773816	1.2
21670.753333021054	1200	20.883013243135448	0.0	570392	3398.5205302192167	0.39693636	1.2
21673.715227289304	1200	21.921118974882642	0.0	620283	2961.8942682528027	0.26364082	1.2
21675.677086500003	1200	23.959259764181066	0.0	584349	1961.8592107015752	0.40141812	1.2
21678.114939800536	1200	25.521406463645235	0.0	670129	2437.8533005358345	0.46334782	1.2
21680.851323946594	1200	26.785022317587572	0.0	690253	2736.384146057663	0.7228509	1.2
21683.737343145433	1200	27.89900311874902	0.0	598727	2886.019198838551	0.83873993	1.2
21685.94539675308	1200	29.690949511103213	0.0	487812	2208.0536076458097	1.0686276	1.2
21688.29297828086	1200	31.34336798332297	0.0	575591	2347.581527780243	0.96787703	1.2
21690.741856136665	1200	32.8944901275178	0.0	605884	2448.8778558051717	1.1065387	1.2
21693.1502848692	1200	34.4860613949828	0.0	587506	2408.4287325350065	1.2564306	1.2
21695.315136649973	1200	36.3212096142114	0.0	566904	2164.8517807714015	1.3487568	1.2
21697.614385902383	1200	38.021960361802314	0.0	641452	2299.249252409077	1.3355517	1.2
21705.19573423062	4300	34.440612033566886	0.0	2121928	7581.348328235426	1.3046374	1.1999999999999997
21712.553550910136	4300	31.082795354050702	0.0	2219102	7357.816679516184	0.095365494	4.3
21720.341677118093	4300	27.29466914609137	0.0	2124950	7788.126207959335	0.1028958	4.3
21727.789616549504	4300	23.846729714681114	0.0	2246506	7447.939431410253	0.18518785	4.3
21733.45131658873	4300	22.18502967545576	0.0	1961140	5661.700039225355	0.20045292	4.3
21740.81849353275	4300	18.817852731435078	0.0	2155012	7367.176944020681	0.35466862	4.3

