3290.846526133017	750	4.0	4.236019030700693	450283	4236.019030700693	1.2352062	-17.46488183201298
3291.989235150601	300	6.857290982416554	0.0	155580	1142.7090175834455	0.68191934	-0.15000000000000002
3293.4671652188085	300	9.379360914208803	0.0	139857	1477.9300682077526	0.75627315	0.3
3295.167535568896	300	11.678990564121813	0.0	155432	1700.37035008699	0.5122571	0.3
3296.712141045139	300	14.134385087878595	0.0	163442	1544.605476243219	0.5328933	0.3
3297.4559246627045	300	17.390601470313385	0.0	126289	743.7836175652097	0.73404086	0.3
3299.978844651752	750	18.86768148126639	0.0	352642	2522.919989046993	1.0771985	0.3
3305.910258087074	750	16.936268045944026	0.0	437162	5931.4134353223635	0.29656333	0.75
3311.7837465470884	750	15.062779585929281	0.0	374758	5873.488460014746	0.3303632	0.75
3318.7958380602468	750	12.050688072770875	0.0	362795	7012.091513158408	0.36240998	0.75
3324.398536041039	750	10.44799009197839	0.0	353220	5602.6979807924845	0.4820263	0.75
3331.8424450873745	750	7.004081045642953	0.0	405134	7443.909046335438	0.5786422	0.75
3333.165031080337	300	9.681495052680257	0.0	160746	1322.5859929626947	0.53844583	-0.15000000000000002
3334.5037276930116	300	12.34279844000585	0.0	179801	1338.6966126744057	0.477102	0.3
3335.465277476649	300	15.381248656368054	0.0	140051	961.5497836377965	1.1094153	0.3
3336.472542640572	300	18.3739834924454	0.0	138313	1007.2651639226524	1.0049798	0.3
3339.0066065615033	750	19.83991957151414	0.0	360831	2534.0639209312626	1.0562944	0.3
3341.0819219235723	750	21.764604209445103	0.0	372963	2075.3153620690337	0.36871955	0.75
3342.9159769019598	750	23.930549231057622	0.0	405596	1834.0549783874826	0.52019495	0.75
3344.2649934222854	750	26.581532710731675	0.0	350713	1349.0165203259442	0.9250719	0.75
3351.0531381920555	1200	23.793387940962223	0.0	601738	6788.144769769455	1.0975935	0.75
3355.993499580887	1200	22.853026552130203	0.0	616206	4940.3613888320215	0.20544404	1.2
3361.6526940826434	1200	21.193832050374084	0.0	656471	5659.194501756118	0.16682349	1.2
3366.5528088610463	1200	20.293717271971545	0.0	536667	4900.114778402539	0.20121396	1.2
3372.8740345628794	1200	17.97249157013829	0.0	587236	6321.225701833257	0.22361955	1.2
3375.7933341166045	1200	19.053192016413053	0.0	590335	2919.2995537252345	0.30341005	1.2
3378.56507979008	1200	20.28144634293761	0.0	696376	2771.745673475445	0.32263148	1.2
3380.9851874206865	1200	21.861338712330955	0.0	487160	2420.107630606653	0.45821694	1.2
3384.992359133071	1200	21.854166999946315	0.0	622896	4007.171712384639	0.40628925	1.2
3389.710923961254	1200	21.135602171763406	0.0	641447	4718.56482818291	0.24447897	1.2
3394.8827269922745	1200	19.963799140743163	0.0	570392	5171.803031020244	0.28785434	1.2
3400.271853076842	1200	18.574673056175573	0.0	620283	5389.12608456759	0.21541399	1.2
3406.19118845024	1200	16.65533768277787	0.0	584349	5919.335373397704	0.25531822	1.2
3416.8337817220613	1200	10.012744410956406	0.0	670129	10642.593271821464	0.2809428	1.2
3428.9162309181525	750	4.0	2.069704785134429	401088	12082.449196090834	1.0210532	-8.599730576078043
3434.17360294554	300	4.0	1.2573720273879216	159914	5257.372027387922	0.2003992	-5.556699717768063
3438.4894311038443	300	4.0	0.31582815830422895	131610	4315.828158304229	0.0988909	-1.0580610807081843
3442.3620562687524	300	4.12737483509181	0.0	124011	3872.6251649081905	0.030501163	0.3
3446.990536721408	300	4.0	0.5011056175634548	144254	4628.480452655264	0.034512766	-1.8547541555228555
3451.342774811244	300	4.0	0.35223808983619165	149991	4352.238089836192	0.026039157	-1.214623786295624
3455.7190543210904	300	4.0	0.3762795098461265	147968	4376.2795098461265	0.033418175	-1.3180018923383439
3460.3266344081085	300	4.0	0.6075800870183639	161857	4607.580087018364	0.018944044	-2.3125943741789645
3464.5099665591374	300	4.0	0.1833321510288597	145210	4183.33215102886	0.043236066	-0.48832824942409664
3469.5901726506327	300	4.0	1.0802060914953564	172312	5080.206091495356	0.029890783	-4.344886193430033
3474.2820748475638	300	4.0	0.6919021969310089	167025	4691.902196931009	0.043294884	-2.6751794468033383
3476.783946805938	300	5.498128041625769	0.0	160064	2501.871958374232	0.04999934	0.3
3478.169152876192	300	8.112921971371371	0.0	137507	1385.206070254399	0.2930264	0.3
3479.051759315637	300	11.230315531926681	0.0	118421	882.6064394446901	1.253123	0.3

