23137.10672061378	750	4.0	0.8872836624630916	450283	887.2836624630917	0.9022496	-3.065319748591294
23139.064395863155	1850	6.042324750625549	0.0	957685	1957.6752493744507	1.229184	0.75
23141.023177448147	1850	8.083543165637957	0.0	877771	1958.7815849875915	0.7144178	1.85
23143.0430993498	1850	10.063621263983215	0.0	933276	2019.921901654742	0.4303283	1.85
23145.052112545833	1850	12.054608067952206	0.0	996749	2009.013196031011	0.6313149	1.85
23146.60519608714	1850	14.501524526642832	0.0	801058	1553.0835413093735	1.0306185	1.85
23148.35901918719	1850	16.747701426590645	0.0	905515	1753.8231000521891	0.79889715	1.85
23150.984146814546	1850	18.122573799236577	0.0	1060487	2625.127627354067	0.65712297	1.85
23152.76585226203	1850	20.34086835175397	0.0	852833	1781.7054474826061	0.75452036	1.85
23154.877555717863	1850	22.229164895923507	0.0	913888	2111.7034558304617	0.68666387	1.85
23156.982092711307	1850	24.124627902478217	0.0	939819	2104.536993445289	0.6971942	1.85
23159.26300837244	1850	25.843712241342654	0.0	917428	2280.91566113556	0.7457334	1.85
23161.60505614149	1850	27.50166447229648	0.0	946851	2342.047769046176	0.7079546	1.85
23164.16147614306	1850	28.94524447072338	0.0	1036454	2556.4200015730958	0.59452355	1.85
23166.3423561326	1850	30.764364481183787	0.0	821631	2180.879989539595	0.8034141	1.85
23168.697195910565	1850	32.409524703217265	0.0	923170	2354.8397779665243	0.6117189	1.85
23170.703765173712	1850	34.40295544007074	0.0	966699	2006.5692631465256	0.6196485	1.85
23172.85155674587	1850	36.25516386790902	0.0	885714	2147.791572161725	0.8587982	1.85
23179.603720954423	1850	33.50299965935951	0.0	987708	6752.164208549505	0.8003385	1.85
23193.562391655734	1850	23.54432895804533	0.0	923755	13958.670701314182	0.53526956	1.85
23197.634463465096	1850	23.472257148686587	0.0	891604	4072.0718093587416	0.6475543	1.85
23200.15443123333	1850	24.95228938044933	0.0	955231	2519.9677682372617	0.39361453	1.85
23202.936012661903	1850	26.170707951877915	0.0	968026	2781.5814285714137	0.5095242	1.85
23205.749506390384	1850	27.35721422339596	0.0	874175	2813.4937284819543	0.9550817	1.85
23208.411768578626	1850	28.694952035155875	0.0	897976	2662.2621882400867	0.8866067	1.85
23210.801604067492	1850	30.305116546290577	0.0	905935	2389.8354888652975	0.666951	1.85
23214.083705036206	1850	31.023015577581326	0.0	1076599	3282.100968709253	1.039365	1.85
23216.912108022065	1850	32.19461259172301	0.0	758197	2828.402985858317	0.82349366	1.85
23222.55316002871	1850	30.55356058507546	0.0	972798	5641.052006647552	0.65812075	1.85
23226.49925554919	1850	30.607465064595395	0.0	975811	3946.095520480064	0.50221825	1.85
23228.85501658175	1850	32.25170403203731	0.0	873429	2355.7610325580877	0.6614815	1.85
23231.953968668033	1850	33.15275194575518	0.0	954453	3098.952086282133	0.7773043	1.85
23235.385151165705	1850	33.72156944808393	0.0	885062	3431.182497671246	0.7941187	1.85
23239.291293455728	1850	33.81542715806027	0.0	1035329	3906.142290023663	0.695104	1.85
23242.334274912064	1850	34.77244570172622	0.0	1026056	3042.981456334044	0.6572057	1.85
23245.843362866453	1850	35.26335774733451	0.0	943942	3509.087954391708	0.7787343	1.85
23248.45458888453	1850	36.65213172925506	0.0	728962	2611.2260180794483	0.8179474	1.85
23250.57148437193	1850	38.53523624185855	0.0	938587	2116.8954873965095	0.8344706	1.85
23252.846540751685	1850	40.26017986210402	0.0	908665	2275.0563797545315	1.0758512	1.85
23257.64884154677	4300	39.45787906701922	0.0	2146120	4802.300795084798	1.0705509	1.8499999999999996
23262.40389251703	4300	38.70282809675733	0.0	2108491	4755.050970261886	0.055062328	4.3
23267.53688954061	4300	37.56983107318031	0.0	2184571	5132.997023577019	0.05458788	4.3
23272.361749925807	4300	36.74497068798283	0.0	2121928	4824.860385197484	0.04227931	4.3
23277.19116156967	4300	35.91555904411932	0.0	2219102	4829.41164386351	0.048515763	4.3
23281.936410318754	4300	35.17031029503503	0.0	2124950	4745.2487490842905	0.03529385	4.3
23286.854976420607	4300	34.25174419318312	0.0	2246506	4918.56610185191	0.03879637	4.3
23292.16488882326	4300	32.94183179053083	0.0	1961140	5309.912402652291	0.030229589	4.3
23297.54682812777	4300	31.559892486019624	0.0	2155012	5381.939304511205	0.06590811	4.3

