1520.9002233341407	750	4.0	3.7572090788844412	450283	3757.209078884441	0.79458773	-15.405999039203095
1523.8939495250177	750	5.006273809122852	0.0	398865	2993.7261908771484	0.7288397	0.75
1527.806398596352	750	5.0938247377886565	0.0	350812	3912.449071334195	0.4935341	0.75
1533.6620715774648	750	4.0	0.7618482433239969	382355	5855.672981112653	0.6696882	-2.525947446293187
1535.330139738725	300	6.331931838739694	0.0	163442	1668.0681612603069	0.5865717	-0.15000000000000002
1536.0595463847737	300	9.602525192691076	0.0	126289	729.4066460486192	0.6448026	0.3
1537.3163995942455	300	12.345671983219168	0.0	153295	1256.853209471907	1.0193818	0.3
1538.8491173453456	300	14.812954232119045	0.0	173849	1532.7177511001235	0.7033479	0.3
1540.115416187308	300	17.546655390156797	0.0	150710	1266.2988419622502	0.8192395	0.3
1541.7090462778267	300	19.953025299638107	0.0	139105	1593.6300905186904	0.8485971	0.3
1544.0396961633398	300	21.62237541412498	0.0	141840	2330.649885513125	0.778857	0.3
1546.3925368648677	300	23.26953471259703	0.0	156148	2352.8407015279536	0.57575613	0.3
1547.849628016208	300	25.812443561256668	0.0	160746	1457.0911513403637	0.64329195	0.3
1549.4219521643179	300	28.240119413146683	0.0	179801	1572.3241481099815	0.88521564	0.3
1550.539631913959	300	31.122439663505602	0.0	140051	1117.6797496410786	1.0063989	0.3
1551.9807460798104	300	33.68132549765421	0.0	138313	1441.1141658513977	1.0253744	0.3
1553.5152112947092	300	36.14686028275537	0.0	143509	1534.465214898836	0.86740494	0.3
1555.7387828740646	300	37.923288703400054	0.0	150616	2223.5715793553163	0.89816415	0.3
1560.1958874134698	300	37.46618416399462	0.0	165384	4457.104539405433	0.73076653	0.3
1563.4455697649007	300	38.21650181256376	0.0	140881	3249.682351430854	0.69169784	0.3
1567.467065884822	300	38.19500569264238	0.0	157671	4021.496119921383	0.49979958	0.3
1572.174062480564	300	37.48800909690051	0.0	157812	4706.996595741877	0.3745209	0.3
1576.5023043669155	300	37.15976721054906	0.0	163927	4328.241886351448	0.23574163	0.3
1579.2522179518817	300	38.40985362558288	0.0	137654	2749.9135849661843	0.20337477	0.3
1582.8164637839368	300	38.845607793527726	0.0	146754	3564.24583205515	0.17587727	0.3
1587.986253805155	300	37.67581777230965	0.0	153938	5169.790021218073	0.11309653	0.3
1594.558799310191	300	35.103272267273525	0.0	181901	6572.545505036123	0.10625178	0.3
1598.4029973115908	300	35.259074265873934	0.0	111155	3844.1980013995917	0.19536646	0.3
1603.0193369892613	300	34.64273458820349	0.0	153605	4616.339677670448	0.08023712	0.3
1606.4792103637208	300	35.18286121374398	0.0	149029	3459.873374459503	0.09860053	0.3
1609.7104313394773	300	35.9516402379876	0.0	157421	3231.220975756389	0.18226166	0.3
1612.6274960443068	300	37.034575533158026	0.0	157488	2917.064704829565	0.17379045	0.3
1614.3982191269715	300	39.26385245049339	0.0	143881	1770.723082664644	0.28677768	0.3
1616.6603559435323	300	41.00171563393255	0.0	163444	2262.1368165608446	0.5797865	0.3
1620.9408026269775	300	40.72126895048719	0.0	179328	4280.446683445347	0.7002373	0.3
1623.8325426545152	300	41.82952892294938	0.0	159914	2891.740027537817	0.5364081	0.3
1627.0863009087086	300	42.57577066875598	0.0	131610	3253.7582541934003	0.95201015	0.3
1630.7346369408451	300	42.9274346366196	0.0	124011	3648.3360321363693	0.5358145	0.3
1635.3667362741296	300	42.29533530333502	0.0	144254	4632.099333284585	0.55651766	0.3
1640.0477553209662	300	41.6143162564985	0.0	149991	4681.019046836522	0.648833	0.3
1645.793180610559	300	39.868890966905745	0.0	147968	5745.425289592747	0.655475	0.3
1649.994840938885	300	39.66723063857963	0.0	161857	4201.660328326115	0.48985046	0.3
1654.3468936362449	300	39.31517794121971	0.0	145210	4352.0526973599235	0.9413376	0.3
1660.499098721483	300	37.16297285598161	0.0	172312	6152.205085238103	0.65729314	0.3
1666.1788761790212	300	35.48319539844338	0.0	167025	5679.777457538231	0.6064539	0.3
1670.5062799453192	300	35.155791632145366	0.0	160064	4327.403766298014	0.7263795	0.3
1673.2950092089861	300	36.36706236847863	0.0	137507	2788.7292636667453	1.2674642	0.3
1674.5014870397497	300	39.160584537714854	0.0	118421	1206.477830763778	1.3752143	0.3

