15788.860949808286	750	4.0	7.571061952176263	450283	7571.061952176264	0.7584288	-31.805566394357932
15790.840744231447	300	6.020205576839139	0.0	155580	1979.794423160861	0.18077725	-0.15000000000000002
15791.93375621276	300	8.927193595526365	0.0	139857	1093.0119813127735	0.137583	0.3
15792.864947198808	300	11.996002609478529	0.0	155432	931.1909860478366	0.64010024	0.3
15794.369440020835	300	14.491509787451928	0.0	163442	1504.4928220266	1.1025044	0.3
15795.623512120143	300	17.23743768814388	0.0	126289	1254.0720993080495	0.76126766	0.3
15796.920566156907	300	19.940383651380355	0.0	153295	1297.0540367635265	0.7435161	0.3
15798.143164626197	300	22.717785182090168	0.0	173849	1222.5984692901864	0.79904985	0.3
15800.974335787298	750	23.886614020989427	0.0	374758	2831.1711611007427	1.0653058	0.3
15803.575182104973	750	25.285767703314317	0.0	362795	2600.8463176751115	0.4377371	0.75
15805.930503279986	750	26.930446528302305	0.0	353220	2355.3211750120104	0.54599124	0.75
15811.037945999438	750	25.82300380885062	0.0	405134	5107.442719451685	0.6875649	0.75
15817.307123416327	750	23.553826391961877	0.0	386351	6269.177416888741	0.2953214	0.75
15828.260311545731	750	16.60063826255752	0.0	434409	10953.188129404354	0.31403196	0.75
15832.968363036814	750	15.892586771474784	0.0	337059	4708.051491082738	0.75091916	0.75
15835.85393504452	750	17.007014763768897	0.0	366214	2885.5720077058872	0.35160896	0.75
15838.721956345464	750	18.13899346282663	0.0	360831	2868.021300942267	0.29146847	0.75
15841.645009586331	750	19.215940221959325	0.0	372963	2923.0532408673052	0.4426303	0.75
15844.794914394572	750	20.066035413717994	0.0	405596	3149.904808241331	0.43501115	0.75
15847.533323696667	750	21.327626111623616	0.0	350713	2738.409302094375	0.21820289	0.75
15851.731992556548	750	21.1289572517429	0.0	386472	4198.668859880715	0.28181547	0.75
15856.423912208164	750	20.437037600127333	0.0	399894	4691.919651615567	0.21076404	0.75
15864.599755039708	750	16.261194768582694	0.0	401853	8175.842831544641	0.30516657	0.75
15868.27539536276	750	16.585554445531663	0.0	343800	3675.640323051031	0.6333081	0.75
15872.154455291864	750	16.706494516426247	0.0	359903	3879.0599291054145	0.30023503	0.75
15875.369308020714	750	17.49164178757486	0.0	379700	3214.852728851387	0.3134696	0.75
15878.605344609497	750	18.255605198792917	0.0	425781	3236.0365887819416	0.33615714	0.75
15880.520183712342	750	20.340766095946666	0.0	277716	1914.8391028462493	0.48561776	0.75
15883.164507604579	750	21.696442203710205	0.0	400396	2644.32389223646	0.48754376	0.75
15887.315676372868	750	21.545273435422438	0.0	400508	4151.1687682877655	0.53703	0.75
15890.677139890997	750	22.183809917292496	0.0	358218	3361.463518129943	0.46873045	0.75
15894.775939150639	750	22.085010657650876	0.0	400322	4098.799259641621	0.49392116	0.75
15900.855751214118	750	20.005198594170604	0.0	369834	6079.812063480272	0.505025	0.75
15903.903462497034	750	20.957487311256017	0.0	412837	3047.7112829145867	0.49689984	0.75
15907.455422185842	750	21.405527622447543	0.0	401088	3551.9596888084757	0.61391884	0.75
15910.034098024511	750	22.826851783777443	0.0	365161	2578.6758386701013	0.56866175	0.75
15912.492528599163	750	24.368421209125028	0.0	321064	2458.430574652416	0.9266701	0.75
15914.881217684188	750	25.979732124101368	0.0	361565	2388.689085023661	0.69599515	0.75
15918.252157897197	750	26.608791911091096	0.0	378327	3370.9402130102717	0.87230086	0.75
15923.136314694933	750	25.724635113355	0.0	390680	4884.156797736096	0.75140905	0.75
15929.701461839753	750	23.159487968534595	0.0	345516	6565.147144820405	0.7717118	0.75
15939.810564479189	750	17.050385329099083	0.0	384505	10109.102639435516	0.76150835	0.75
15944.13684943831	750	16.72410036997919	0.0	372093	4326.284959119892	0.7770798	0.75
15947.773718453587	750	17.087231354699973	0.0	438281	3636.8690152792187	0.57427746	0.75
15950.502021376078	750	18.35892843220967	0.0	398987	2728.302922490304	0.923854	0.75
15953.80273272491	750	19.058217083380768	0.0	393804	3300.7113488289	1.2182202	0.75
15956.398919512467	750	20.462030295821613	0.0	331053	2596.186787559157	1.2205019	0.75
15959.127253291696	750	21.73369651659309	0.0	314107	2728.333779228522	0.9248867	0.75

