22650.42863378455	750	4.0	5.693969597015465	450283	5693.969597015464	0.66371894	-23.734069267166497
22652.231970379726	300	6.1966634048252285	0.0	155580	1803.336595174772	0.38964364	-0.15000000000000002
22653.720942514854	300	8.707691269693635	0.0	139857	1488.9721351315945	0.20073192	0.3
22655.30445167444	300	11.12418211010765	0.0	155432	1583.509159585983	0.35149676	0.3
22657.01437227835	300	13.414261506198569	0.0	163442	1709.920603909083	0.3920854	0.3
22658.36133070967	300	16.067303074878538	0.0	126289	1346.9584313200323	0.5364923	0.3
22659.890935573032	300	18.537698211516872	0.0	153295	1529.604863361666	0.49474603	0.3
22661.687863516327	300	20.740770268221752	0.0	173849	1796.927943295118	0.54021084	0.3
22663.314394729394	300	23.11423905515551	0.0	150710	1626.5312130662408	0.7047194	0.3
22664.896047394257	300	25.532586390292582	0.0	139105	1581.6526648629308	0.7027205	0.3
22666.461774644296	300	27.96685914025227	0.0	141840	1565.7272500403092	0.7331851	0.3
22668.066061021713	300	30.362572762836212	0.0	156148	1604.2863774160621	0.68661463	0.3
22669.623517259617	300	32.80511652493137	0.0	160746	1557.4562379048398	0.819522	0.3
22671.34080896779	300	35.087824816757944	0.0	179801	1717.2917081734304	0.81784916	0.3
22672.823814185933	300	37.60481959861731	0.0	140051	1483.0052181406386	0.93037635	0.3
22674.433329161522	300	39.995304623028865	0.0	138313	1609.5149755884438	0.8462968	0.3
22675.850293972973	300	42.57833981157605	0.0	143509	1416.9648114528177	0.8136382	0.3
22677.448812036066	300	44.97982174848004	0.0	150616	1598.5180630960103	0.8761904	0.3
22679.360947355406	300	47.067686429142	0.0	165384	1912.1353193380446	0.8258951	0.3
22681.017049725106	300	49.41158405944116	0.0	140881	1656.102369700834	0.84400237	0.3
22682.760918476444	300	51.667715308101194	0.0	157671	1743.8687513399711	0.76639354	0.3
22684.42543160821	300	54.003202176335385	0.0	157812	1664.513131765811	0.78952	0.3
22686.117852008974	300	56.31078177556924	0.0	163927	1692.4204007661501	0.77350116	0.3
22687.95787820616	300	58.47075557838466	0.0	137654	1840.026197184579	0.75984514	0.3
22690.835323342275	300	59.593310442268944	0.0	146754	2377.4451361157203	0.6355815	0.3
22694.907140489955	300	59.52149329458841	0.0	153938	2071.8171476805355	0.533002	0.3
22697.484524993473	300	59.78403915114371	0.0	181901	2237.4541434446946	0.6822082	0.3
22701.088185292192	300	59.60717418657091	0.0	111155	1176.864964572803	0.7747432	0.3
22704.913590727658	300	59.56286906916062	0.0	153605	2044.3051174102984	0.7781851	0.3
22707.687086544527	300	59.9116714294027	0.0	149029	2651.19763975791	0.6688325	0.3
22711.54086314477	300	59.9909321129378	0.0	157421	2420.7393164649066	0.66834784	0.3
22714.26120990742	300	59.987277440253514	0.0	157488	2003.6546726842837	0.69552755	0.3
22716.865598852546	300	59.893428998371874	0.0	143881	1593.848441881636	0.8990731	0.3
22719.438426258803	300	59.53228558501603	0.0	163444	2361.143413355849	1.0194238	0.3
22723.34977491706	300	59.62093692675987	0.0	179328	3411.3486582561613	0.9311088	0.3
22727.038313416666	300	59.93239842715242	0.0	159914	3688.5384996074426	0.8408505	0.3
22730.544235776473	300	59.950222836930884	0.0	131610	3482.1755902215364	0.97574115	0.3
22733.930409980425	300	59.669009057796345	0.0	124011	2281.213779134542	0.79245	0.3
22737.00883725894	300	59.55227559754619	0.0	144254	1616.7334602501521	0.9802066	0.3
22739.89059031853	300	59.83224606748541	0.0	149991	1720.029530060783	1.4761875	0.3
22743.31070854521	300	59.91804871390998	0.0	147968	1414.1973535754216	1.5430942	0.3
22746.87404289826	300	59.954341873939256	0.0	161857	1963.706839970728	1.701065	0.3
22750.4680031894	300	59.58717556140699	0.0	145210	1867.1663125322775	1.6631522	0.3
22753.220907178205	300	59.86912059430918	0.0	172312	2718.0549670978053	1.6403427	0.3
22758.218810503662	300	58.87121726885142	0.0	167025	4997.903325457756	1.6388378	0.3
22770.676830673656	750	50.413197098855676	0.0	393804	12458.02016999574	1.4797128	0.3
22777.056262343292	750	48.03376542922194	0.0	331053	6379.431669633741	1.0791153	0.75
22797.776665099154	4300	31.313362673356394	0.0	2155012	20720.402755865543	1.2826118	0.75

