19469.1288760856	750	4.0	4.8551176236478435	450283	4855.117623647843	0.6341777	-20.127005781685725
19470.626088186615	300	6.502787898988277	0.0	155580	1497.2121010117223	0.55410767	-0.15000000000000002
19471.913393171457	300	9.215482914147731	0.0	139857	1287.3049848405465	0.36919066	0.3
19473.132718830275	300	11.996157255325587	0.0	155432	1219.3256588221457	0.54425657	0.3
19474.2902555261	300	14.83862055950185	0.0	163442	1157.5366958237378	0.7454599	0.3
19475.194653934894	300	17.93422215070743	0.0	126289	904.3984087944164	1.0328869	0.3
19476.210868762922	300	20.918007322678523	0.0	153295	1016.2148280289068	0.97284675	0.3
19478.925437439528	750	22.203438646073764	0.0	437162	2714.5686766047606	0.9725583	0.3
19481.121255247737	750	24.0076208378645	0.0	374758	2195.817808209258	0.5790849	0.75
19483.622308910202	750	25.506567175400466	0.0	362795	2501.0536624640367	0.7242192	0.75
19486.203750325887	750	26.9251257597154	0.0	353220	2581.441415685065	0.5854905	0.75
19488.28019794446	750	28.848678141143864	0.0	405134	2076.447618571534	0.7492227	0.75
19490.13885482488	750	30.99002126072366	0.0	386351	1858.6568804202054	0.85396755	0.75
19494.698393595554	1200	30.430482490046984	0.0	687371	4559.538770676672	0.87355417	0.75
19498.96645886894	1200	30.162417216663247	0.0	526950	4268.065273383739	0.19522104	1.2
19503.12288851075	1200	30.005987574854785	0.0	587876	4156.429641808458	0.20041557	1.2
19508.113844750576	1200	29.015031335027796	0.0	617242	4990.956239826987	0.20016433	1.2
19512.96708631529	1200	28.16178977031589	0.0	581493	4853.241564711905	0.15056233	1.2
19517.89449326994	1200	27.23438281566414	0.0	639204	4927.406954651752	0.21885258	1.2
19521.479415818005	1200	27.649460267602294	0.0	586839	3584.9225480618447	0.196845	1.2
19525.955418060184	1200	27.173458025425784	0.0	601738	4476.002242176511	0.1975595	1.2
19530.329071046977	1200	26.799805038632716	0.0	616206	4373.6529867930685	0.24955821	1.2
19534.42548426596	1200	26.703391819649923	0.0	656471	4096.413218982796	0.26576585	1.2
19539.28432564627	1200	25.844550439339674	0.0	536667	4858.841380310249	0.1899476	1.2
19545.942073392143	1200	23.18680269346756	0.0	587236	6657.747745872117	0.26994872	1.2
19550.52882107925	1200	22.60005500635863	0.0	590335	4586.7476871089275	0.33347672	1.2
19554.65730631388	1200	22.47156977173057	0.0	696376	4128.48523462806	0.30466253	1.2
19557.547027713495	1200	23.581848372114088	0.0	487160	2889.721399616481	0.26747346	1.2
19560.970089636914	1200	24.15878644869424	0.0	622896	3423.061923419844	0.32205355	1.2
19564.814902993763	1200	24.313973091845046	0.0	641447	3844.8133568491944	0.26479802	1.2
19568.673775121326	1200	24.455100964281854	0.0	570392	3858.8721275631924	0.23139577	1.2
19573.92284631493	1200	23.206029770680694	0.0	620283	5249.07119360116	0.21589744	1.2
19581.94455885101	1200	19.184317234599686	0.0	584349	8021.712536081007	0.2666601	1.2
19590.590035002784	1200	14.538841082828206	0.0	670129	8645.47615177148	0.3833009	1.2
19596.174816574137	1200	12.954059511472321	0.0	690253	5584.781571355886	0.635313	1.2
19601.446556603736	1200	11.682319481872426	0.0	598727	5271.740029599896	0.45849276	1.2
19605.721475717735	1200	11.40740036787676	0.0	487812	4274.919113995667	0.47930604	1.2
19611.512635879113	1200	9.616240206496972	0.0	575591	5791.160161379787	0.5973017	1.2
19622.932185793048	1200	4.0	1.803309707439288	605884	11419.54991393626	0.8400036	-6.554231741988938
19626.884759533954	300	4.0474262590966985	0.0	149991	3952.5737409033018	0.6235047	-0.6000000000000001
19629.915519688184	300	5.016666104863931	0.0	147968	3030.7601542327675	0.15573844	0.3
19632.95379847256	300	5.978387320488735	0.0	161857	3038.2787843751953	0.13735135	0.3
19636.216696075582	300	6.715489717470513	0.0	145210	3262.8976030182216	0.2406933	0.3
19641.000395152467	300	5.931790640585135	0.0	172312	4783.699076885378	0.1919105	0.3
19646.35156957241	300	4.580616220643865	0.0	167025	5351.17441994127	0.10050351	0.3
19651.520289772943	300	4.0	0.5881039798912571	160064	5168.720200535122	0.07108012	-2.2288471135324053
19655.16494050622	300	4.3553492667224525	0.0	137507	3644.6507332775473	0.096203014	0.3
19657.133552214204	300	6.386737558735811	0.0	118421	1968.6117079866422	0.0919782	0.3

