2741.8828391748707	750	4.0	3.478694088168143	450283	3478.694088168143	1.1808736	-14.208384579123015
2744.333256520105	750	5.54958265476585	0.0	398865	2450.4173452341497	0.7112221	0.75
2746.323565506256	750	7.559273668615107	0.0	350812	1990.3089861507428	0.50329745	0.75
2748.767411187076	750	9.115427987794604	0.0	382355	2443.8456808205033	0.48279014	0.75
2751.380073430461	750	10.502765744409848	0.0	411561	2612.6622433847565	0.46843612	0.75
2754.4107746175205	750	11.472064557350226	0.0	318564	3030.7011870596216	0.682837	0.75
2757.516662502103	750	12.366176672767752	0.0	352642	3105.8878845824747	0.3136233	0.75
2764.0336803613204	750	9.849158813550602	0.0	437162	6517.017859217149	0.25442663	0.75
2769.7880645574614	750	8.094774617409385	0.0	374758	5754.384196141218	0.48825905	0.75
2775.633101906374	750	6.249737268496914	0.0	362795	5845.03734891247	0.5120608	0.75
2781.85034428974	750	4.0324948851309195	0.0	353220	6217.242383365995	0.7115084	0.75
2784.2786459392178	300	5.604193235653233	0.0	156148	2428.3016494776857	0.282586	-0.15000000000000002
2785.3625438429904	300	8.520295331880552	0.0	160746	1083.8979037726817	0.12444701	0.3
2786.516344458318	300	11.366494716552575	0.0	179801	1153.8006153279764	0.59099305	0.3
2788.6900972088106	750	13.192741966060563	0.0	337059	2173.7527504920126	1.216697	0.3
2791.5068428694913	750	14.375996305379712	0.0	366214	2816.7456606808523	0.46222055	0.75
2797.689653511049	750	12.19318566382195	0.0	360831	6182.8106415577595	0.1941787	0.75
2801.61088456192	750	12.271954612950879	0.0	372963	3921.231050871072	0.33323553	0.75
2805.0961904473156	750	12.786648727555482	0.0	405596	3485.3058853953953	0.321517	0.75
2809.885258727878	750	11.997580446993187	0.0	350713	4789.068280562297	0.2787925	0.75
2813.4406567022866	750	12.442182472584616	0.0	386472	3555.39797440857	0.4457215	0.75
2816.6163303823555	750	13.26650879251572	0.0	399894	3175.6736800688964	0.35654256	0.75
2820.064855418331	750	13.817983756540356	0.0	401853	3448.5250359753645	0.3495227	0.75
2822.8654315544773	750	15.017407620394374	0.0	343800	2800.5761361459813	0.3684164	0.75
2826.147430163376	750	15.735409011495493	0.0	359903	3281.998608898883	0.31100053	0.75
2829.858488474906	750	16.02435069996535	0.0	379700	3711.0583115301415	0.30374807	0.75
2833.8248741321863	750	16.05796504268529	0.0	425781	3966.3856572800632	0.23639135	0.75
2836.47426923462	750	17.408569940251212	0.0	277716	2649.3951024340754	0.49945578	0.75
2839.857212566943	750	18.025626607928206	0.0	400396	3382.9433323230023	0.3628105	0.75
2843.510673361498	750	18.37216581337306	0.0	400508	3653.4607945551484	0.4123243	0.75
2847.0797906115595	750	18.803048563311354	0.0	358218	3569.117250061706	0.4928429	0.75
2850.54909173864	750	19.33374743623084	0.0	400322	3469.3011270805127	0.40097487	0.75
2854.5551986872247	750	19.327640487646104	0.0	369834	4006.1069485847415	0.43006438	0.75
2859.1701393763733	750	18.71269979849722	0.0	412837	4614.9406891488825	0.3522057	0.75
2863.3508117198535	750	18.532027455017406	0.0	401088	4180.672343479811	0.40172112	0.75
2867.121740793842	750	18.761098381028745	0.0	365161	3770.929073988663	0.49644005	0.75
2870.9306032391814	750	18.952235935689192	0.0	321064	3808.8624453395555	0.63618654	0.75
2874.8391187924867	750	19.043720382383984	0.0	361565	3908.5155533052052	0.39337885	0.75
2878.3245262228556	750	19.55831295201526	0.0	378327	3485.407430368724	0.4374989	0.75
2882.732414706118	750	19.150424468753137	0.0	390680	4407.888483262126	0.51660836	0.75
2886.0296624183457	750	19.853176756525773	0.0	345516	3297.2477122273626	0.5611255	0.75
2889.4114977265363	750	20.471341448335053	0.0	384505	3381.8353081907203	0.5449351	0.75
2893.2913959668963	750	20.59144320797494	0.0	372093	3879.898240360116	0.70357025	0.75
2898.3169809782416	750	19.565858196629414	0.0	438281	5025.5850113455235	0.61519647	0.75
2901.2299960434157	750	20.65284313145537	0.0	398987	2913.015065174045	0.822955	0.75
2904.1724184254144	750	21.710420749456766	0.0	393804	2942.4223819986037	0.9974185	0.75
2906.7136821255945	750	23.16915704927643	0.0	331053	2541.2637001803387	1.2657014	0.75
2910.336283925219	750	23.546555249651885	0.0	314107	3622.601799624547	1.2974889	0.75

