15960.561530105044	750	4.0	1.4342768133466879	450283	1434.276813346688	0.8335984	-5.4173902973907575
15961.921691363139	750	6.6398387419037395	0.0	398865	1360.16125809626	0.91709465	0.75
15963.351990051016	750	9.209540054025693	0.0	350812	1430.298687878048	1.0150372	0.75
15964.667059469408	750	11.89447063563421	0.0	382355	1315.0694183914811	1.0121701	0.75
15965.948463757632	750	14.613066347409948	0.0	411561	1281.4042882242632	0.9637077	0.75
15968.030876733812	1200	16.530653371231097	0.0	520315	2082.4129761788517	1.0864184	0.75
15970.575609666232	1200	17.98592043880993	0.0	561791	2544.7329324211623	0.32427803	1.2
15973.94925521922	1200	18.612274885820195	0.0	709534	3373.6455529897366	0.24845345	1.2
15976.465086064774	1200	20.09644404026746	0.0	584846	2515.8308455527376	0.3470043	1.2
15980.27215100628	1200	20.28937909876267	0.0	560821	3807.064941504786	0.407882	1.2
15985.974572044046	1200	18.586958060995094	0.0	607410	5702.421037767578	0.20020597	1.2
15988.336300596984	1200	20.225229508058288	0.0	594078	2361.728552936805	0.14999501	1.2
15990.892109155504	1200	21.66942094953749	0.0	624282	2555.8085585207978	0.28586084	1.2
15993.680950116459	1200	22.880579988582884	0.0	687371	2788.840960954602	0.2943707	1.2
15996.003128558646	1200	24.558401546395434	0.0	526950	2322.17844218745	0.37158006	1.2
15999.841276608146	1200	24.720253496897374	0.0	587876	3838.1480494980606	0.34265783	1.2
16003.463985080183	1200	25.097545024860214	0.0	617242	3622.7084720371618	0.2092059	1.2
16006.552666303516	1200	26.008863801526402	0.0	581493	3088.68122333381	0.18001977	1.2
16009.660361633865	1200	26.901168471176977	0.0	639204	3107.6953303494256	0.22804192	1.2
16012.552566107011	1200	28.00896399803029	0.0	586839	2892.2044731466904	0.36082357	1.2
16015.237698129835	1200	29.323831975207636	0.0	601738	2685.1320228226537	0.3395867	1.2
16018.403023892697	1200	30.15850621234542	0.0	616206	3165.3257628622177	0.38867056	1.2
16025.547331696334	1200	27.014198408706946	0.0	656471	7144.307803638472	0.31010455	1.2
16033.202781733327	1200	23.358748371716217	0.0	536667	7655.450036990731	0.20293814	1.2
16039.536729716287	1200	21.02480038875705	0.0	587236	6333.947982959165	0.25396162	1.2
16044.594497598837	1200	19.967032506206014	0.0	590335	5057.7678825510375	0.25528836	1.2
16049.59856091218	1200	18.962969192861827	0.0	696376	5004.063313344186	0.31362525	1.2
16051.749111986453	1200	20.812418118590045	0.0	487160	2150.5510742717797	0.25911528	1.2
16053.642146880233	1200	22.919383224809767	0.0	622896	1893.0348937802776	0.40889463	1.2
16055.638820784834	1200	24.922709320210156	0.0	641447	1996.6739045996098	0.5931578	1.2
16057.796622601498	1200	26.76490750354622	0.0	570392	2157.801816663938	0.77628565	1.2
16060.163190925969	1200	28.398339179074437	0.0	620283	2366.5683244717857	0.5931598	1.2
16062.232386388838	1200	30.329143716205163	0.0	584349	2069.195462869273	0.75876606	1.2
16064.139803804926	1200	32.421726300115985	0.0	670129	1907.417416089176	0.815826	1.2
16066.234982747425	1200	34.326547357617265	0.0	690253	2095.1789424987223	1.1968745	1.2
16068.563067975409	1200	35.99846212963174	0.0	598727	2328.085227985524	1.3721286	1.2
16072.75914460918	1850	35.80238549586239	0.0	728962	4196.076633769355	1.3853683	1.2000000000000002
16077.963042627427	1850	34.59848747761419	0.0	938587	5203.89801824819	0.63780606	1.85
16081.15625829617	1850	35.40527180887081	0.0	908665	3193.2156687433867	0.6744356	1.85
16086.246185745753	1850	34.31534435928782	0.0	930577	5089.92744958299	0.8005147	1.85
16091.110230623408	1850	33.451299481633875	0.0	858450	4864.0448776539415	0.7656139	1.85
16096.311234240291	1850	32.25029586474886	0.0	1025005	5201.0036168850165	0.59825426	1.85
16099.701076711615	1850	32.8604533934256	0.0	886255	3389.8424713232516	0.6438132	1.85
16103.693797154152	1850	32.86773295088907	0.0	973972	3992.7204425365335	0.6529629	1.85
16107.745244752432	1850	32.81628535260986	0.0	958994	4051.4475982792073	0.72820663	1.85
16111.95261225066	1850	32.60891785438165	0.0	982064	4207.367498228209	0.7366575	1.85
16116.164548083867	1850	32.396982021173336	0.0	830730	4211.935833208317	0.9204711	1.85
16120.934425418005	1850	31.627104687036088	0.0	846370	4769.877334137249	0.6564296	1.85

