20517.668548930942	750	4.0	3.3429362672757508	450283	3342.9362672757507	1.3628435	-13.624625949285727
20520.699348737482	750	4.96920019346033	0.0	398865	3030.79980653967	0.6913935	0.75
20523.3831080336	750	6.285440897346153	0.0	350812	2683.7592961141772	0.50513417	0.75
20526.2454718959	750	7.423077035040478	0.0	382355	2862.3638623056745	0.34132838	0.75
20529.19397893662	750	8.474569994323575	0.0	411561	2948.507040716902	0.32450667	0.75
20530.83569590028	750	10.832853030662088	0.0	318564	1641.7169636614872	0.456329	0.75
20532.68319348299	750	12.98535544795059	0.0	352642	1847.497582711498	0.66898316	0.75
20535.414839987934	750	14.25370894300809	0.0	437162	2731.6465049425005	0.55149716	0.75
20537.145227982084	750	16.52332094885527	0.0	374758	1730.3879941528198	0.62882197	0.75
20538.684139487046	750	18.98440944389321	0.0	362795	1538.9115049620648	0.84656584	0.75
20540.404568412665	750	21.26398051827337	0.0	353220	1720.4289256198338	0.9283784	0.75
20543.062281214166	1200	22.606267716772297	0.0	594078	2657.712801501075	0.92689395	0.75
20545.65455304472	1200	24.01399588621936	0.0	624282	2592.2718305529393	0.2507695	1.2
20548.834224252634	1200	24.834324678302472	0.0	687371	3179.6712079168856	0.2655577	1.2
20551.622120161956	1200	26.046428768982658	0.0	526950	2787.8959093198164	0.35624796	1.2
20555.728652958347	1200	25.939895972589873	0.0	587876	4106.532796392779	0.3292928	1.2
20562.12276300336	1200	23.54578592757906	0.0	617242	6394.110045010813	0.22087048	1.2
20568.576524843083	1200	21.092024087858498	0.0	581493	6453.7618397205615	0.16178322	1.2
20575.515435246794	1200	18.15311368414331	0.0	639204	6938.910403715187	0.22326407	1.2
20583.744167415476	1200	13.924381515459812	0.0	586839	8228.732168683498	0.30196974	1.2
20593.165056918577	1200	8.503492012360265	0.0	601738	9420.889503099546	0.7879868	1.2
20594.210601441373	300	11.457947489566072	0.0	157812	1045.544522794195	0.9296546	-0.6000000000000001
20595.20216508934	300	14.466383841598454	0.0	163927	991.5636479676178	1.0432098	0.3
20598.512239451135	1200	15.156309479803888	0.0	536667	3310.0743617945664	1.32892	0.29999999999999993
20602.231848084593	1200	15.436700846343127	0.0	587236	3719.6086334607617	0.51119983	1.2
20606.229330098937	1200	15.439218832000233	0.0	590335	3997.482014342893	0.428074	1.2
20610.0469251289	1200	15.621623802039405	0.0	696376	3817.5950299608294	0.45893678	1.2
20612.51434458013	1200	17.15420435081157	0.0	487160	2467.419451227837	0.33870494	1.2
20615.477549845516	1200	18.190999085422018	0.0	622896	2963.2052653895507	0.25340146	1.2
20618.17213443653	1200	19.496414494410896	0.0	641447	2694.5845910111193	0.3168441	1.2
20621.165922795444	1200	20.502626135494182	0.0	570392	2993.7883589167127	0.5165762	1.2
20623.92461484576	1200	21.74393408517761	0.0	620283	2758.6920503165725	0.38323823	1.2
20627.078867855966	1200	22.589681074973154	0.0	584349	3154.2530102044575	0.57865644	1.2
20632.486214605124	1200	21.18233432581813	0.0	670129	5407.346749155021	0.37786877	1.2
20640.345276514658	1200	17.323272416283665	0.0	690253	7859.061909534467	0.30616245	1.2
20648.727206808253	1200	12.941342122685423	0.0	598727	8381.930293598241	0.42789283	1.2
20656.35400204774	1200	9.314546883199927	0.0	487812	7626.795239485496	0.7348739	1.2
20663.183804789696	1200	6.484744141245075	0.0	575591	6829.8027419548525	0.9880592	1.2
20667.968494625537	750	5.70005430540491	0.0	378327	4784.689835840165	1.0744765	0.3
20671.044924753256	750	6.623624177683114	0.0	390680	3076.4301277217965	0.86411965	0.75
20673.769998716023	750	7.898550214915899	0.0	345516	2725.073962767216	0.70724225	0.75
20676.434363762506	750	9.234185168431596	0.0	384505	2664.365046484303	0.6139648	0.75
20679.262011739633	750	10.406537191302617	0.0	372093	2827.647977128977	0.70149934	0.75
20682.465114471852	750	11.203434459083848	0.0	438281	3203.102732218769	0.66840565	0.75
20685.8264834046	750	11.842065526335713	0.0	398987	3361.3689327481356	0.87467146	0.75
20689.743659680964	750	11.924889249970796	0.0	393804	3917.1762763649167	0.8595196	0.75
20693.272954328033	750	12.395594602897464	0.0	331053	3529.2946470733314	1.0170412	0.75
20697.36241912904	750	12.306129801892606	0.0	314107	4089.464801004858	0.96124965	0.75

