7190.5132857830995	750	4.0	3.445995646227827	450283	3445.9956462278274	0.3557991	-14.067781278779655
7193.082783944955	750	5.430501838145294	0.0	398865	2569.4981618547067	0.7071525	0.75
7196.009451603394	750	6.503834179706132	0.0	350812	2926.6676584391616	0.48085225	0.75
7204.853929939064	750	4.0	2.3406441559638598	382355	8844.478335669992	0.34885406	-9.314769870644596
7209.046536473226	300	4.0	0.19260653416249535	163442	4192.606534162495	0.41334927	-0.9782080968987299
7212.3651358509305	300	4.681400622296262	0.0	126289	3318.599377703739	0.2881245	0.3
7215.176560257466	300	5.869976215761307	0.0	153295	2811.424406534955	0.0719934	0.3
7218.452054433779	300	6.594482039447847	0.0	173849	3275.4941763134607	0.049817257	0.3
7221.549328283367	300	7.497208189860179	0.0	150710	3097.273849587668	0.09332415	0.3
7224.103777639048	300	8.942758834179495	0.0	139105	2554.4493556806838	0.047769092	0.3
7226.354529365519	300	10.692007107707632	0.0	141840	2250.7517264718617	0.093177795	0.3
7229.68721051369	300	11.359325959537559	0.0	156148	3332.6811481700734	0.058549244	0.3
7232.177803561537	300	12.868732911689959	0.0	160746	2490.5930478476002	0.07852912	0.3
7235.709723962232	300	13.33681251099639	0.0	179801	3531.9204006935693	0.087752	0.3
7239.385685636399	300	13.660850836828192	0.0	140051	3675.9616741681966	0.1452778	0.3
7241.552545141302	300	15.493991331925058	0.0	138313	2166.859504903135	0.07494424	0.3
7243.129616016015	300	17.91692045721287	0.0	143509	1577.0708747121826	0.1308015	0.3
7244.796977974823	300	20.249558498404976	0.0	150616	1667.3619588078986	0.29071882	0.3
7247.605114762778	300	21.4414217104504	0.0	165384	2808.136787954577	0.37309635	0.3
7249.452527991738	300	23.59400848148974	0.0	140881	1847.4132289606578	0.27796137	0.3
7251.935887095688	300	25.110649377539975	0.0	157671	2483.3591039497655	0.36549887	0.3
7254.471694330152	300	26.574842143076175	0.0	157812	2535.8072344638013	0.34958524	0.3
7256.606325893211	300	28.440210580016682	0.0	163927	2134.6315630594895	0.3424384	0.3
7258.191544151878	300	30.854992321349577	0.0	137654	1585.2182586671026	0.56710356	0.3
7259.748662539179	300	33.297873934048255	0.0	146754	1557.118387301325	0.6487695	0.3
7261.401928356483	300	35.6446081167447	0.0	153938	1653.2658173035609	0.7608279	0.3
7263.035478380904	300	38.01105809232263	0.0	181901	1633.5500244220698	0.7664614	0.3
7264.13167396126	300	40.91486251196654	0.0	111155	1096.195580356095	1.0350378	0.3
7265.590908472783	300	43.45562800044437	0.0	153605	1459.2345115221685	0.921065	0.3
7267.195352366237	300	45.85118410699044	0.0	149029	1604.4438934539278	0.977955	0.3
7269.049833275907	300	47.99670319732074	0.0	157421	1854.4809096697006	1.0059766	0.3
7270.808855127993	300	50.237681345234876	0.0	157488	1759.0218520858703	1.0017875	0.3
7272.645487754558	300	52.40104871866936	0.0	143881	1836.6326265655123	1.1225858	0.3
7274.796997254514	300	54.249539218713366	0.0	163444	2151.5094999559856	1.0563574	0.3
7277.027904994219	300	56.01863147900784	0.0	179328	2230.907739705531	1.1269107	0.3
7278.991149813386	300	58.055386659841275	0.0	159914	1963.2448191665621	1.1705551	0.3
7280.541130285942	300	59.692326328569536	0.0	131610	1363.0603312717437	1.3379006	0.3
7282.787101949227	300	59.5878004817693	0.0	124011	1104.5258468002328	1.3817879	0.3
7285.631127427711	300	59.62651071751935	0.0	144254	1461.289764249945	1.5551467	0.3
7287.637815273456	300	59.504534671064604	0.0	149991	1621.9760464547487	1.5124972	0.3
7289.872284929204	300	59.51965564233514	0.0	147968	1484.879028729471	1.5815191	0.3
7292.495979469721	300	59.71760375708712	0.0	161857	1802.0518852480147	1.615383	0.3
7296.250733229153	750	59.96284999765356	0.0	372093	3754.753759433567	1.6845194	0.3
7325.969793906196	4300	34.243789320611626	0.0	2219102	29719.060677041925	1.2243359	0.75
7345.613548127917	4300	18.600035098891446	0.0	2124950	19643.75422172018	0.57788634	4.3
7355.902182339893	1850	12.311400886914546	0.0	982064	10288.634211976901	0.8700143	-0.6000000000000001
7362.951615804148	1850	9.26196742265998	0.0	830730	7049.4334642545655	1.1594017	1.85
7369.061608571545	1200	7.151974655264031	0.0	550906	6109.992767395949	1.0741608	0.5499999999999999

