8090.3394297607565	750	4.0	2.8275693741498356	450283	2827.5693741498358	0.2111991	-11.408548308844292
8092.191176088425	750	6.1482536723311885	0.0	398865	1851.7463276688115	0.58053666	0.75
8093.891398867359	750	8.448030893397023	0.0	350812	1700.222778934165	0.74188864	0.75
8099.35198594818	750	6.987443812576515	0.0	382355	5460.587080820507	0.74826825	0.75
8106.28233839235	750	4.057091368406494	0.0	411561	6930.352444170021	0.3990364	0.75
8111.949933644766	750	4.0	1.6105038840093366	318564	5667.595252415831	0.627707	-6.175166701240148
8114.6267150615795	300	5.323218583185931	0.0	153295	2676.7814168140685	0.70390505	-0.15000000000000002
8119.601217830505	300	4.348715814260441	0.0	173849	4974.502768925491	0.114962995	0.3
8124.238045711811	300	4.0	0.28811206704498366	150710	4636.827881305424	0.1011705	-0.9388818882934296
8127.640047213218	300	4.597998498592496	0.0	139105	3402.0015014075043	0.032022867	0.3
8130.764776055518	300	5.473269656292252	0.0	141840	3124.728842300244	0.033868544	0.3
8133.613081169326	300	6.624964542484906	0.0	156148	2848.3051138073465	0.0139034	0.3
8136.491457036797	300	7.746588675013602	0.0	160746	2878.3758674713035	0.034264825	0.3
8139.964959018404	300	8.273086693406173	0.0	179801	3473.5019816074305	0.033520136	0.3
8142.90781688453	300	9.330228827280653	0.0	140051	2942.857866125519	0.09593008	0.3
8146.346896697671	300	9.89114901414034	0.0	138313	3439.079813140311	0.063137636	0.3
8149.623399040573	300	10.61464667123837	0.0	143509	3276.502342901971	0.06980075	0.3
8152.462461555217	300	11.775584156594409	0.0	150616	2839.0625146439615	0.07295893	0.3
8155.328410865355	300	12.909634846455223	0.0	165384	2865.9493101391854	0.07180336	0.3
8157.988535968588	300	14.24950974322267	0.0	140881	2660.125103232552	0.12704107	0.3
8160.92877481764	300	15.309270894170808	0.0	157671	2940.2388490518624	0.09157234	0.3
8164.414408449559	300	15.82363726225168	0.0	157812	3485.6336319191278	0.10572439	0.3
8169.649265151041	300	14.588780560770292	0.0	163927	5234.856701481387	0.095871426	0.3
8173.110565163203	300	15.127480548607776	0.0	137654	3461.300012162515	0.12604603	0.3
8174.513768777056	300	17.724276934755828	0.0	146754	1403.2036138519497	0.10366158	0.3
8175.859233212959	300	20.378812498852287	0.0	153938	1345.4644359035408	0.43945795	0.3
8177.515040807467	300	22.7230049043446	0.0	181901	1655.8075945076876	0.7709981	0.3
8178.66278635691	300	25.575259354901124	0.0	111155	1147.745549443472	1.1377561	0.3
8180.147255939572	300	28.090789772239656	0.0	153605	1484.46958266147	0.77515745	0.3
8181.405484513528	300	30.83256119828299	0.0	149029	1258.2285739566705	0.9562846	0.3
8185.8601053831135	750	30.377940328698088	0.0	358218	4454.620869584898	1.1507592	0.3
8190.923732861852	750	29.31431284995921	0.0	400322	5063.627478738875	0.35670084	0.75
8194.734419403592	750	29.503626308218607	0.0	369834	3810.6865417406066	0.45517385	0.75
8197.738104094771	750	30.499941617041177	0.0	412837	3003.6846911774264	0.50185144	0.75
8200.298933611633	750	31.939112100177372	0.0	401088	2560.829516863807	0.6784343	0.75
8203.535424207887	750	32.70262150392456	0.0	365161	3236.4905962528096	0.98996574	0.75
8206.832956737	750	33.405088974810674	0.0	321064	3297.532529113887	0.85048354	0.75
8214.349028712291	750	29.889016999519814	0.0	361565	7516.071975290857	0.7590374	0.75
8220.598009238287	750	27.640036473523946	0.0	378327	6248.98052599587	0.6286477	0.75
8225.206086852098	750	27.031958859712866	0.0	390680	4608.077613811081	0.63740015	0.75
8228.442883638138	750	27.795162073674142	0.0	345516	3236.796786038723	0.59899294	0.75
8230.797440780407	750	29.440604931404838	0.0	384505	2354.5571422693038	0.86458915	0.75
8233.38333539758	750	30.854710314230225	0.0	372093	2585.8946171746143	1.3589085	0.75
8235.339323518627	750	32.89872219318409	0.0	438281	1955.9881210461392	1.178713	0.75
8241.817547458926	1200	30.420498252883995	0.0	630203	6478.223940300096	1.5481763	0.75
8252.977774402	1200	23.26027130981072	0.0	638661	11160.226943073272	0.8360767	1.2
8265.223110812556	1200	15.014934899254225	0.0	538612	12245.336410556494	0.939241	1.2
8276.888184866133	1200	7.349860845677862	0.0	550906	11665.074053576363	0.96183467	1.2

