13052.238556692046	750	4.0	6.602941104200595	450283	6602.941104200595	0.13753812	-27.642646748062557
13053.859804860622	300	6.378751831422763	0.0	155580	1621.2481685772375	0.2646787	-0.15000000000000002
13055.494795654562	300	8.743761037482852	0.0	139857	1634.990793939913	0.26830643	0.3
13057.456734898127	300	10.78182179391646	0.0	155432	1961.9392435663906	0.2870119	0.3
13059.494686052694	300	12.743870639348641	0.0	163442	2037.9511545678201	0.26466444	0.3
13061.218039704067	300	15.020516987977592	0.0	126289	1723.353651371049	0.3365418	0.3
13064.190615234513	300	16.04794145752979	0.0	153295	2972.575530447798	0.27319247	0.3
13065.98454319864	300	18.254013493403146	0.0	173849	1793.9279641266485	0.14902657	0.3
13067.589742946699	300	20.648813745344214	0.0	150710	1605.1997480589303	0.48616594	0.3
13069.332623662009	300	22.90593303003619	0.0	139105	1742.8807153080222	0.49232182	0.3
13070.959060654766	300	25.279496037276587	0.0	141840	1626.4369927596035	0.48137787	0.3
13072.33693245662	300	27.901624235422688	0.0	156148	1377.8718018538968	0.44555774	0.3
13073.555156696275	300	30.683399995767914	0.0	160746	1218.2242396547738	0.79015535	0.3
13074.804921081866	300	33.433635610175045	0.0	179801	1249.7643855928686	0.979099	0.3
13077.21996377465	750	35.01859291739058	0.0	337059	2415.042692784463	1.1048665	0.3
13080.333203769886	750	35.905352922156595	0.0	366214	3113.239995233978	0.64152896	0.75
13083.360119154422	750	36.878437537619774	0.0	360831	3026.9153845368282	0.5721783	0.75
13086.433382755244	750	37.80517393679814	0.0	372963	3073.263600821626	0.70417416	0.75
13089.613573202803	750	38.62498348923821	0.0	405596	3180.190447559927	0.71239203	0.75
13093.088070835098	750	39.15048585694386	0.0	350713	3474.497632294355	0.7357081	0.75
13096.596771060784	750	39.641785631259225	0.0	386472	3508.700225684633	0.7196638	0.75
13100.37820875738	750	39.860347934661796	0.0	399894	3781.437696597429	0.6622622	0.75
13103.851450067039	750	40.38710662500187	0.0	401853	3473.2413096599257	0.6257218	0.75
13106.290803756818	750	41.94775293522286	0.0	343800	2439.3536897790123	0.71090376	0.75
13109.755292681872	750	42.4832640101706	0.0	359903	3464.4889250522597	0.805246	0.75
13112.814506840876	750	43.42404985116712	0.0	379700	3059.214159003481	0.6862396	0.75
13116.128972890558	750	44.10958380148565	0.0	425781	3314.4660496814668	0.6865895	0.75
13118.494169728887	750	45.744386963157424	0.0	277716	2365.1968383282224	0.85470057	0.75
13121.433597181873	750	46.80495951017086	0.0	400396	2939.4274529865647	0.9030514	0.75
13124.835910796715	750	47.402645895330025	0.0	400508	3402.3136148408344	0.9114505	0.75
13128.109167036198	750	48.129389655846836	0.0	358218	3273.2562394831893	0.9228289	0.75
13133.226626208565	750	47.01193048348103	0.0	400322	5117.459172365803	0.9317087	0.75
13138.56155205147	750	45.677004640575106	0.0	369834	5334.925842905929	0.6964812	0.75
13143.33005410329	750	44.90850258875612	0.0	412837	4768.502051818986	0.71205544	0.75
13150.300234669421	750	41.938322022623545	0.0	401088	6970.180566132574	0.75418603	0.75
13154.17629740324	750	42.062259288803034	0.0	365161	3876.0627338205068	0.5001786	0.75
13156.307012074794	750	43.93154461724825	0.0	321064	2130.714671554789	1.1654716	0.75
13159.546985524614	750	44.69157116742916	0.0	361565	3239.9734498190865	1.2719909	0.75
13162.948599120653	750	45.28995757138977	0.0	378327	3401.6135960393854	1.0341094	0.75
13167.706251575835	750	44.53230511620655	0.0	390680	4757.652455183217	1.0897121	0.75
13175.803388369452	750	40.435168322588886	0.0	345516	8097.136793617667	0.86314476	0.75
13183.120743101148	750	37.1178135908936	0.0	384505	7317.354731695293	0.62516004	0.75
13189.07569261069	750	35.16286408135091	0.0	372093	5954.949509542687	0.6802926	0.75
13192.895760400343	750	35.34279629170025	0.0	438281	3820.067789650661	0.5600185	0.75
13196.203700993372	750	36.03485569866938	0.0	398987	3307.9405930308726	1.3735641	0.75
13199.243760127087	750	36.99479656495448	0.0	393804	3040.0591337149012	1.3786664	0.75
13201.550613775998	750	38.68794291604205	0.0	331053	2306.853648912429	1.5753443	0.75
13208.076750641265	1850	36.16180605077624	0.0	846370	6526.1368652658075	1.5785373	0.75

