2220.9482420310546	750	4.0	4.316718207694552	450283	4316.718207694552	1.1855348	-17.81188829308657
2221.7436500594595	300	7.204591971595131	0.0	155580	795.4080284048688	0.6673072	-0.15000000000000002
2223.8990684963032	750	9.049173534751091	0.0	350812	2155.41843684404	1.2250657	0.3
2226.5433718111735	750	10.404870219880664	0.0	382355	2644.303314870427	0.4838242	0.75
2230.150050013917	750	10.798192017136937	0.0	411561	3606.678202743728	0.45564312	0.75
2233.1536778051236	750	11.794564225930483	0.0	318564	3003.6277912064543	0.467171	0.75
2236.3210013913317	750	12.627240639722427	0.0	352642	3167.323586208056	0.29419863	0.75
2242.5259088050734	750	10.422333225980895	0.0	437162	6204.907413741532	0.26753375	0.75
2248.335465863242	750	8.612776167812365	0.0	374758	5809.55705816853	0.43935943	0.75
2252.6609144115077	750	8.287327619546698	0.0	362795	4325.448548265667	0.5150239	0.75
2256.1035421888605	750	8.844699842193858	0.0	353220	3442.6277773528373	0.42250046	0.75
2259.9739766370963	750	8.97426539395818	0.0	405134	3870.4344482356773	0.42494923	0.75
2263.4859561286517	750	9.462285902402542	0.0	386351	3511.979491555639	0.35929906	0.75
2267.754766846044	750	9.193475185010431	0.0	434409	4268.810717392111	0.38232422	0.75
2272.29892548901	750	8.6493165420447	0.0	337059	4544.15864296573	0.32605147	0.75
2277.822440870541	750	7.1258011605132054	0.0	366214	5523.515381531495	0.45266894	0.75
2282.2456455521765	750	6.702596478877628	0.0	360831	4423.204681635577	0.65539217	0.75
2288.1489343222465	750	4.799307708807901	0.0	372963	5903.288770069727	0.6166271	0.75
2290.403815169635	300	6.544426861419433	0.0	165384	2254.8808473884674	0.51919144	-0.15000000000000002
2292.75350518511	300	8.194736845944	0.0	140881	2349.690015475434	0.2811573	0.3
2296.4972695989136	300	8.450972432140759	0.0	157671	3743.76441380324	0.22848427	0.3
2298.3638038325234	300	10.584438198530403	0.0	157812	1866.5342336103565	0.12512693	0.3
2300.343158907302	300	12.605083123751532	0.0	163927	1979.355074778871	0.26029935	0.3
2302.081816725819	300	14.86642530523488	0.0	137654	1738.6578185166513	0.3562957	0.3
2303.8344255409565	300	17.11381649009701	0.0	146754	1752.6088151378729	0.4441632	0.3
2305.436657127879	300	19.51158490317495	0.0	153938	1602.2315869220586	0.48467535	0.3
2307.673201835202	300	21.27504019585221	0.0	181901	2236.54470732274	0.65488124	0.3
2309.8768875318424	300	23.071354499211175	0.0	111155	2203.6856966410332	0.86833423	0.3
2311.7511098950135	300	25.19713213603999	0.0	153605	1874.2223631711863	0.3896237	0.3
2313.2053786457336	300	27.74286338532009	0.0	149029	1454.2687507199025	0.6850898	0.3
2314.4862204974	300	30.462021533653353	0.0	157421	1280.841851666738	1.0150894	0.3
2315.8400358948866	300	33.10820613616657	0.0	157488	1353.8153974867862	1.1853123	0.3
2317.196025324009	300	35.75221670704422	0.0	143881	1355.9894291223463	1.1700819	0.3
2318.459444868031	300	38.48879716302195	0.0	163444	1263.4195440222743	1.0815237	0.3
2322.0243996189297	750	38.923842412123186	0.0	401088	3564.9547508987603	1.2238376	0.3
2325.3158010347925	750	39.63244099626051	0.0	365161	3291.401415862675	0.80735564	0.75
2327.4092132032274	750	41.53902882782536	0.0	321064	2093.4121684351458	1.061352	0.75
2330.250116406589	750	42.69812562446399	0.0	361565	2840.903203361374	1.2143977	0.75
2333.395277849177	750	43.552964181876	0.0	378327	3145.1614425879884	1.1453524	0.75
2335.8475323412767	750	45.10070968977602	0.0	390680	2452.2544920999776	1.181321	0.75
2339.546487611541	1200	45.401754419511626	0.0	566904	3698.955270264393	1.3963363	0.75
2343.2970038170884	1200	45.65123821396433	0.0	641452	3750.516205547302	1.0001473	1.2
2347.211491256349	1200	45.7367507747039	0.0	599477	3914.4874392604233	1.2486727	1.2
2351.203907961375	1200	45.74433406967784	0.0	634861	3992.4167050260585	1.137104	1.2
2354.807736662151	1200	46.14050536890205	0.0	630203	3603.8287007757904	1.2211161	1.2
2358.098348557308	1200	46.84989347374513	0.0	638661	3290.6118951569247	1.2332523	1.2
2367.832257040627	4300	41.11598499042585	0.0	1961140	9733.908483319277	0.99575937	1.1999999999999997
2378.9883949096907	4300	33.95984712136253	0.0	2155012	11156.137869063323	0.074698135	4.3

