20038.867887497316	750	4.0	12.266701258043659	450283	12266.701258043659	1.2881188	-51.99681540958773
20043.499808027576	300	4.0	0.6319205302601922	155580	4631.920530260192	0.04194312	-2.867258280118827
20046.54763969391	300	4.952168333667658	0.0	139857	3047.8316663323417	0.024324235	0.3
20049.817116131144	300	5.682691896429397	0.0	155432	3269.4764372382615	0.016490169	0.3
20053.174391551955	300	6.325416475623024	0.0	163442	3357.275420806372	0.039085828	0.3
20055.302157017	300	8.19765101057458	0.0	126289	2127.765465048444	0.043768596	0.3
20057.50748348516	300	9.99232454241477	0.0	153295	2205.326468159809	0.06380311	0.3
20059.703844550833	300	11.795963476741463	0.0	173849	2196.3610656733085	0.067010604	0.3
20061.511850880794	300	13.987957146781996	0.0	150710	1808.006329959466	0.13285692	0.3
20063.183589083856	300	16.316218943722877	0.0	139105	1671.7382030591195	0.19967863	0.3
20064.63019201019	300	18.86961601738669	0.0	141840	1446.6029263361888	0.32060102	0.3
20066.248180821724	300	21.251627205851133	0.0	156148	1617.9888115355566	0.42786703	0.3
20067.99014776897	300	23.509660258605173	0.0	160746	1741.9669472459561	0.6026948	0.3
20069.897281719695	300	25.602526307880897	0.0	179801	1907.1339507242762	0.57230437	0.3
20071.32234229093	300	28.177465736647086	0.0	140051	1425.0605712338108	0.81490743	0.3
20072.808796492747	300	30.691011534829666	0.0	138313	1486.454201817416	0.79132456	0.3
20074.599513986854	300	32.90029404072579	0.0	143509	1790.7174941038757	0.81595004	0.3
20076.532092148616	300	34.96771587896075	0.0	150616	1932.5781617650355	0.7788629	0.3
20078.515046203243	300	36.98476182433157	0.0	165384	1982.9540546291828	0.70874405	0.3
20080.17098695692	300	39.32882107065509	0.0	140881	1655.9407536764866	0.82231337	0.3
20082.374370707203	300	41.12543732037422	0.0	157671	2203.383750280878	0.76574874	0.3
20085.018063709485	300	42.481744318090215	0.0	157812	2643.6930022840015	0.6729735	0.3
20086.98029592473	300	44.519512102845226	0.0	163927	1962.232215244988	0.514405	0.3
20088.589881247655	300	46.90992677992285	0.0	137654	1609.5853229223815	0.7301838	0.3
20090.128085644403	300	49.371722383174706	0.0	146754	1538.2043967481422	0.6736848	0.3
20091.783001216107	300	51.7168068114698	0.0	153938	1654.9155717049016	0.74374795	0.3
20093.91275900682	300	53.58704902075617	0.0	181901	2129.7577907136374	0.75466	0.3
20095.253179173462	300	56.24662885411498	0.0	111155	1340.4201666411811	0.8215933	0.3
20096.90189797824	300	58.597910049335	0.0	153605	1648.7188047799868	0.73876697	0.3
20099.60594821543	300	59.74624075252752	0.0	149029	1851.6692968074797	0.8437141	0.3
20103.62749300406	300	59.72469596389563	0.0	157421	2521.5447886318934	0.8913617	0.3
20105.92731485352	300	59.541747917969296	0.0	157488	2182.948045926327	0.77037466	0.3
20107.009756126663	300	59.60896421656566	0.0	143881	932.7837014036353	0.95562965	0.3
20108.40679559459	300	59.79027317787071	0.0	163444	1318.691038694953	1.4376178	0.3
20110.023290025376	300	59.54620023429526	0.0	179328	1244.0729435754458	1.3959945	0.3
20111.91724345116	300	59.62543426025874	0.0	159914	1420.7659740365195	1.5817832	0.3
20113.42898408662	300	59.761157720852026	0.0	131610	864.2765394067147	1.5264351	0.3
20117.43188471319	1200	59.758257094279266	0.0	575591	4002.900626572761	1.6313951	0.29999999999999993
20131.130913541987	4300	50.0592282654843	0.0	2133870	13699.028828794966	0.9121269	1.1999999999999997
20145.976327484983	4300	39.21381432248841	0.0	2146120	14845.413942995892	0.04261919	4.3
20164.77307906809	4300	24.417062739379876	0.0	2108491	18796.751583108537	0.1992024	4.3
20170.635370973865	1850	22.554770833605815	0.0	1025005	5862.291905774059	0.8602659	-0.6000000000000001
20181.965517691537	1850	15.224624115933356	0.0	886255	11330.146717672462	0.47262126	1.85
20192.907382980804	1200	8.282758826667948	0.0	634861	10941.865289265406	0.8924085	0.5499999999999999
20195.960040402693	750	9.230101404782866	0.0	398987	3052.6574218850824	1.0241363	0.3
20201.366511778233	750	7.823630029244109	0.0	393804	5406.4713755387575	0.8771031	0.75
20205.72562599034	750	7.464515817132537	0.0	331053	4359.114212111572	0.6343769	0.75
20208.029320130867	750	9.160821676607723	0.0	314107	2303.6941405248126	0.50909245	0.75

