857.7369480512234	750	4.0	3.8635903273045304	450283	3863.5903273045305	0.40236285	-15.863438407409479
858.9772854574699	300	6.759662593753583	0.0	155580	1240.3374062464177	0.726511	-0.15000000000000002
860.3982686362222	300	9.338679415001378	0.0	139857	1420.983178752206	0.6265054	0.3
861.7566975854864	300	11.980250465737047	0.0	155432	1358.428949264331	0.5616907	0.3
863.0049039114987	300	14.732044139724767	0.0	163442	1248.2063260122802	0.7113782	0.3
863.9655857281456	300	17.77136232307799	0.0	126289	960.681816646775	0.96209824	0.3
865.2131251001579	300	20.523822951065654	0.0	153295	1247.5393720123393	0.9167998	0.3
866.6299734278374	300	23.10697462338617	0.0	173849	1416.8483276794843	0.8483854	0.3
869.9174153090589	750	23.819532742164597	0.0	374758	3287.4418812215727	1.0077969	0.3
872.7410683133377	750	24.99587973788599	0.0	362795	2823.653004278606	0.3482857	0.75
875.4326613412007	750	26.30428671002288	0.0	353220	2691.5930278631085	0.44318232	0.75
878.8440002126771	750	26.892947838546533	0.0	405134	3411.338871476347	0.5294816	0.75
882.4640055813327	750	27.2729424698909	0.0	386351	3620.0053686556353	0.41957688	0.75
886.5156024247016	750	27.221345626522073	0.0	434409	4051.596843368823	0.35387647	0.75
889.7250720372601	750	28.011876013963498	0.0	337059	3209.469612558574	0.37360835	0.75
893.5769421292059	750	28.160005922017756	0.0	366214	3851.870091945739	0.42094597	0.75
898.7940460623615	750	26.942901988862065	0.0	360831	5217.103933155693	0.26397902	0.75
907.3806117691662	750	22.356336282057416	0.0	372963	8586.56570680465	0.2887617	0.75
917.6036364883026	750	16.133311562920984	0.0	405596	10223.024719136432	0.6330447	0.75
925.7344123372786	750	12.00253571394504	0.0	350713	8130.775848975942	0.7412349	0.75
928.6251020262351	300	13.11184602498839	0.0	157671	2890.6896889566497	0.6370013	-0.15000000000000002
932.5714223643116	300	13.165525686911904	0.0	157812	3946.320338076487	0.11947479	0.3
937.6413657436041	300	12.095582307619464	0.0	163927	5069.943379292438	0.08982954	0.3
941.3290034172061	300	12.407944634017378	0.0	137654	3687.6376736020866	0.054780994	0.3
944.1376681274137	300	13.599279923809735	0.0	146754	2808.664710207643	0.047860805	0.3
945.9348503459486	300	15.802097705274903	0.0	153938	1797.1822185348312	0.056258935	0.3
947.6884076494032	300	18.048540401820325	0.0	181901	1753.557303454578	0.17808364	0.3
948.7681666711032	300	20.96878138012034	0.0	111155	1079.7590216999852	0.8803953	0.3
950.5482563780334	300	23.188691673190093	0.0	153605	1780.0897069302475	0.7047989	0.3
952.7283005820801	300	25.00864746914338	0.0	149029	2180.044204046714	0.69349873	0.3
955.8786290464379	300	25.85831900478557	0.0	157421	3150.328464357807	0.7814616	0.3
960.2114870513633	300	25.525460999860172	0.0	157488	4332.858004925397	0.5651129	0.3
964.5809785166241	300	25.155969534599485	0.0	143881	4369.49146526069	0.5646089	0.3
968.5441778557598	300	25.192770195463748	0.0	163444	3963.199339135735	0.33388224	0.3
973.5281125269959	300	24.208835524227766	0.0	179328	4983.934671235985	0.36648244	0.3
977.3482079763644	300	24.38874007485915	0.0	159914	3820.095449368615	0.2939465	0.3
980.7080247922389	300	25.028923258984623	0.0	131610	3359.8168158745284	0.40191358	0.3
984.4199716741554	300	25.31697637706827	0.0	124011	3711.9468819163512	0.19929622	0.3
988.2080195056594	300	25.528928545564128	0.0	144254	3788.047831504141	0.19997416	0.3
990.8243522682399	300	26.91259578298377	0.0	149991	2616.3327625803563	0.28412226	0.3
993.2521364287314	300	28.48481162249222	0.0	147968	2427.784160491552	0.6203049	0.3
997.1434939913183	300	28.5934540599052	0.0	161857	3891.35756258702	0.66817474	0.3
999.6843679279187	300	30.05258012330476	0.0	145210	2540.873936600438	0.7033232	0.3
1003.4331243217304	300	30.303823729493185	0.0	172312	3748.756393811575	0.83534235	0.3
1007.8997550490548	300	29.83719300216881	0.0	167025	4466.630727324378	0.77947724	0.3
1012.1953651520263	300	29.541582899197234	0.0	160064	4295.610102971575	0.78603673	0.3
1014.9876496379212	300	30.749298413302242	0.0	137507	2792.284485894993	1.1061225	0.3
1017.4935144138609	300	32.2434336373626	0.0	118421	2505.864775939636	1.2556067	0.3

