10553.051747230653	750	4.0	2.148641230861048	450283	2148.641230861048	1.1795573	-8.489157292702506
10555.420600166604	750	5.631147064048715	0.0	398865	2368.8529359512845	0.64671934	0.75
10557.26762927877	750	7.784117951883809	0.0	350812	1847.0291121649057	0.59495306	0.75
10561.062721627604	750	7.989025603048906	0.0	382355	3795.092348834903	0.6738123	0.75
10563.804500551922	750	9.247246678731766	0.0	411561	2741.7789243171396	0.3092661	0.75
10565.260985524086	750	11.790761706567084	0.0	318564	1456.4849721646824	0.7086817	0.75
10566.988531284127	750	14.063215946525496	0.0	352642	1727.5457600415875	0.7973769	0.75
10569.147908332798	750	15.903838897855946	0.0	437162	2159.377048669549	0.6922042	0.75
10571.908409669202	750	17.143337561450597	0.0	374758	2760.501336405351	0.8674766	0.75
10573.588569517706	750	19.46317771294603	0.0	362795	1680.1598485045658	0.5762713	0.75
10575.093530525324	750	21.95821670532684	0.0	353220	1504.9610076191898	0.892706	0.75
10577.682867173318	1200	23.368880057334	0.0	594078	2589.3366479928404	0.94061315	0.75
10580.429019504083	1200	24.622727726568044	0.0	624282	2746.1523307659563	0.3104238	1.2
10583.498450594203	1200	25.553296636448458	0.0	687371	3069.43109011959	0.24202304	1.2
10585.68406966301	1200	27.36767756764143	0.0	526950	2185.6190688070287	0.38676348	1.2
10588.581901040941	1200	28.46984618971048	0.0	587876	2897.8313779309506	0.44639003	1.2
10591.270253246143	1200	29.78149398450835	0.0	617242	2688.3522052021285	0.36416087	1.2
10593.871435417243	1200	31.180311813410132	0.0	581493	2601.1821710982185	0.46181953	1.2
10596.594894929032	1200	32.45685230162006	0.0	639204	2723.459511790069	0.4113812	1.2
10600.337424240633	1200	32.714322990019056	0.0	586839	3742.5293116010057	0.5610968	1.2
10604.376716450653	1200	32.67503077999816	0.0	601738	4039.292210020896	0.3087213	1.2
10607.373836582228	1200	33.67791064842368	0.0	616206	2997.1201315744734	0.26479483	1.2
10609.658739862378	1200	35.393007368273516	0.0	656471	2284.9032801501658	0.35936263	1.2
10611.247789419067	1200	37.803957811585164	0.0	536667	1589.0495566883517	0.7210114	1.2
10613.893267325324	1200	39.15847990532858	0.0	587236	2645.4779062565763	1.0502684	1.2
10617.31051567373	1200	39.74123155692333	0.0	590335	3417.24834840525	0.708549	1.2
10620.237582578447	1200	40.81416465220576	0.0	696376	2927.066904717566	0.41248226	1.2
10621.778745880465	1200	43.273001350187016	0.0	487160	1541.1633020187503	0.8483597	1.2
10624.57926870128	1200	44.472478529373554	0.0	622896	2800.5228208134563	1.1108265	1.2
10626.503278563401	1200	46.548468667252166	0.0	641447	1924.009862121392	0.9839946	1.2
10628.831583669924	1200	48.22016356073055	0.0	570392	2328.3051065216127	1.3603659	1.2
10632.326485860061	1200	48.72526137059309	0.0	620283	3494.9021901374617	1.2727194	1.2
10635.732478619955	1200	49.31926861069763	0.0	584349	3405.9927598954614	1.1254308	1.2
10640.76765063778	1200	48.28409659287347	0.0	670129	5035.172017824157	0.934208	1.2
10646.685014010187	1200	46.36673322046488	0.0	690253	5917.363372408589	0.7075234	1.2
10651.134302525785	1200	45.91744470486796	0.0	598727	4449.2885155969225	0.6542295	1.2
10657.249890751835	1200	43.80185647881741	0.0	487812	6115.588226050549	0.99331486	1.2
10664.923263116218	1200	40.12848411443407	0.0	575591	7673.372364383338	0.5923088	1.2
10667.778871814346	1200	41.27287541630689	0.0	605884	2855.608698127187	0.62507063	1.2
10670.257447319427	1200	42.7942999112261	0.0	587506	2478.5755050807957	1.1481364	1.2
10671.83309840753	1200	45.21864882312376	0.0	566904	1575.651088102336	1.3641179	1.2
10683.455873527219	4300	37.595873703434634	0.0	2184571	11622.775119689126	0.6602284	1.1999999999999997
10688.878157874893	4300	36.173589355759134	0.0	2121928	5422.284347675497	0.18569484	4.3
10697.94977677718	4300	31.10197045347054	0.0	2219102	9071.618902288594	0.17875007	4.3
10727.962146532762	4300	5.0896006978922665	0.0	2124950	30012.36975557827	0.21699941	4.3
10730.421285782828	750	6.63046144782637	0.0	393804	2459.1392500658962	1.0833197	-2.8
10734.064292379087	1850	6.987454851566311	0.0	830730	3643.0065962600593	1.5169964	0.75
10737.23181845696	1850	7.819928773695012	0.0	846370	3167.5260778712995	0.5163402	1.85

