23628.577876839958	750	4.0	4.997202366246414	450283	4997.202366246414	0.59238577	-20.73797017485958
23630.731238590244	300	5.846638249714482	0.0	155580	2153.3617502855177	0.52356637	-0.15000000000000002
23633.849390703734	300	6.728486136226441	0.0	139857	3118.1521134880413	0.13341275	0.3
23638.22100746011	300	6.35686937985117	0.0	155432	4371.6167563752715	0.0715229	0.3
23642.64922995118	300	5.928646888778943	0.0	163442	4428.222491072226	0.047797788	0.3
23645.70058699121	300	6.877289848750208	0.0	126289	3051.3570400287354	0.06273398	0.3
23648.321967160566	300	8.255909679394989	0.0	153295	2621.38016935522	0.038250543	0.3
23650.025985999426	300	10.551890840533298	0.0	173849	1704.0188388616891	0.042027444	0.3
23651.506636125057	300	13.071240714897634	0.0	150710	1480.6501256356646	0.21894464	0.3
23652.861651944084	300	15.716224895873086	0.0	139105	1355.0158190245468	0.2877193	0.3
23654.363334494134	300	18.214542345823435	0.0	141840	1501.6825500496527	0.50949126	0.3
23655.727587052785	300	20.850289787169828	0.0	156148	1364.2525586536055	0.47738886	0.3
23657.003002831403	300	23.574874008552413	0.0	160746	1275.4157786174133	0.79981196	0.3
23658.55802399778	300	26.01985284217538	0.0	179801	1555.0211663770356	0.9068716	0.3
23661.16783123457	750	27.41004560538928	0.0	337059	2609.8072367861005	0.99147975	0.3
23663.949852823796	750	28.628024016157415	0.0	366214	2782.021589231862	0.49993548	0.75
23666.40442395298	750	30.17345288697706	0.0	360831	2454.571129180355	0.542892	0.75
23668.58983927117	750	31.988037568781426	0.0	372963	2185.4153181956326	0.723858	0.75
23670.442926321033	750	34.13495051892228	0.0	405596	1853.087049859139	0.8298617	0.75
23673.453781388514	1200	35.12409545144132	0.0	586839	3010.855067480966	0.9783571	0.75
23676.399474331534	1200	36.17840250842014	0.0	601738	2945.6929430211767	0.34427595	1.2
23680.277124429653	1200	36.300752410302884	0.0	616206	3877.650098117262	0.34189564	1.2
23684.87573584612	1200	35.70214099383827	0.0	656471	4598.611416464611	0.25749117	1.2
23689.133151401267	1200	35.44472543868716	0.0	536667	4257.415555151115	0.2570128	1.2
23693.27496612128	1200	35.302910718674774	0.0	587236	4141.814720012384	0.2631245	1.2
23697.810251620598	1200	34.767625219357065	0.0	590335	4535.285499317711	0.25737292	1.2
23708.320596559806	1200	28.257280280148937	0.0	696376	10510.344939208124	0.23955618	1.2
23717.619005308028	1200	22.9588715319273	0.0	487160	9298.408748221638	0.34593892	1.2
23730.612592136	1200	13.965284703956986	0.0	622896	12993.586827970314	0.5243706	1.2
23739.897307180578	750	8.68056965938063	0.0	400508	9284.715044576356	1.0215511	0.3
23743.58428720595	300	8.993589634008174	0.0	157421	3686.9800253724557	0.47533548	-0.15000000000000002
23746.729783376664	300	9.848093463294898	0.0	157488	3145.496170713277	0.09815079	0.3
23749.02733640198	300	11.550540437976702	0.0	143881	2297.553025318196	0.18384711	0.3
23751.392551645324	300	13.185325194634828	0.0	163444	2365.215243341874	0.17473203	0.3
23753.941955343358	300	14.6359214966003	0.0	179328	2549.4036980345277	0.14323941	0.3
23756.147658704336	300	16.430218135620414	0.0	159914	2205.7033609798864	0.26449797	0.3
23757.551743762615	300	19.02613307734182	0.0	131610	1404.0850582785883	0.624237	0.3
23758.84046354732	300	21.737413292638617	0.0	124011	1288.7197847032028	0.9000725	0.3
23760.470541186958	300	24.107335652999666	0.0	144254	1630.0776396389501	1.1232136	0.3
23762.485608291136	300	26.092268548822336	0.0	149991	2015.0671041773296	1.1471585	0.3
23764.710991834694	300	27.866885005265466	0.0	147968	2225.383543556867	1.1036329	0.3
23767.08678438766	300	29.491092452300535	0.0	161857	2375.7925529649315	1.077313	0.3
23773.256767915744	750	27.321108924214812	0.0	372093	6169.983528085723	1.2539157	0.3
23776.250949216806	750	28.326927623153686	0.0	438281	2994.181301061124	0.58220756	0.75
23779.09802343514	750	29.47985340481777	0.0	398987	2847.0742183359152	1.3364805	0.75
23781.78769468604	750	30.790182153919652	0.0	393804	2689.6712508981186	1.3031974	0.75
23787.916544258114	1850	28.661332581846963	0.0	830730	6128.8495720726905	1.5430858	0.75
23796.168507850132	1850	24.409368989827925	0.0	846370	8251.963592019038	0.38024956	1.85

