5776.421965106615	750	4.0	5.8396300502769165	450283	5839.630050276916	0.034384597	-24.36040921619074
5778.662183482361	300	5.759781624254254	0.0	155580	2240.2183757457465	0.3657586	-0.15000000000000002
5780.0902753165665	300	8.331689790048644	0.0	139857	1428.0918342056093	0.11059123	0.3
5781.4335342140175	300	10.988430892596813	0.0	155432	1343.2588974518294	0.35518348	0.3
5782.865871122442	300	13.556093984173181	0.0	163442	1432.3369084236328	0.5041715	0.3
5784.0672982999395	300	16.354666806674782	0.0	126289	1201.4271774984013	0.7014159	0.3
5785.472505884293	300	18.949459222321135	0.0	153295	1405.2075843536431	0.6550423	0.3
5787.223367025589	300	21.198598081024983	0.0	173849	1750.861141296156	0.6818716	0.3
5788.825893640316	300	23.596071466298095	0.0	150710	1602.526614726884	0.7739046	0.3
5790.195115710755	300	26.226849395859162	0.0	139105	1369.2220704389356	0.75118494	0.3
5791.475108929687	300	28.946856176927316	0.0	141840	1279.9932189318474	0.85340166	0.3
5793.102885145266	300	31.319079961349097	0.0	156148	1627.776215578218	0.91372854	0.3
5794.723173500164	300	33.69879160645065	0.0	160746	1620.2883548984455	0.8867383	0.3
5796.510581370729	300	35.91138373588628	0.0	179801	1787.4078705643653	0.8471943	0.3
5797.872741278328	300	38.54922382828712	0.0	140051	1362.1599075991587	0.9390043	0.3
5799.1328255701255	300	41.28913953649035	0.0	138313	1260.0842917967666	0.914301	0.3
5800.3803889610635	300	44.04157614555208	0.0	143509	1247.563390938271	0.91922426	0.3
5802.062236606895	300	46.359728499721044	0.0	150616	1681.8476458310304	0.93607473	0.3
5803.923653965901	300	48.498311140714456	0.0	165384	1861.4173590065886	0.8497487	0.3
5805.756995131788	300	50.664969974827926	0.0	140881	1833.3411658865296	0.866916	0.3
5807.663953087426	300	52.75801201918865	0.0	157671	1906.9579556392785	0.76077855	0.3
5809.057927914353	300	55.36403719226191	0.0	157812	1393.9748269267347	0.7779875	0.3
5810.3013908719895	300	58.120574234625806	0.0	163927	1243.4629576361056	0.85794026	0.3
5811.970102551073	300	59.790746321959716	0.0	137654	1329.8279126660855	0.8743955	0.3
5813.91716533158	300	59.93165682926484	0.0	146754	1359.0894926948847	0.76888514	0.3
5817.921424148302	300	59.9273980125425	0.0	153938	2504.2588167223353	0.7695467	0.3
5821.622251801626	300	59.773100257198095	0.0	181901	2654.297755344404	0.7855609	0.3
5824.188503204335	300	59.938239538233155	0.0	111155	1334.86071896494	0.88479745	0.3
5827.0105238013475	300	59.69292449574843	0.0	153605	2245.315042484727	0.8198947	0.3
5831.00002301303	300	59.68152768147107	0.0	149029	1511.3968142773601	0.75592947	0.3
5834.222025249172	300	59.864577790703244	0.0	157421	2316.949890767821	1.0793815	0.3
5836.685326340625	300	59.93045340816373	0.0	157488	1934.1243825395131	0.7072821	0.3
5838.746537482918	300	59.63943617712357	0.0	143881	1791.0172310401606	0.99411714	0.3
5842.35199624028	300	59.60180383036945	0.0	163444	3037.6323467541224	0.92089	0.3
5845.136974483096	300	59.84322789996473	0.0	179328	2258.5759304047197	0.8634154	0.3
5846.978292095037	300	59.77577024545009	0.0	159914	1067.4576545146392	1.1549475	0.3
5848.915871109744	300	59.74391063095971	0.0	131610	1031.8596144903768	1.7577579	0.3
5850.842624417212	300	59.83339378223424	0.0	124011	910.5168487254675	1.6161051	0.3
5855.4847042218325	1200	59.19131397761436	0.0	605884	4642.079804619882	1.719762	0.29999999999999993
5871.639045861114	4300	47.03697233833355	0.0	2146120	16154.34163928081	1.0960135	1.1999999999999997
5891.041491796608	4300	31.63452640283888	0.0	2108491	19402.44593549467	0.043575503	4.3
5911.412913540339	4300	15.263104659108135	0.0	2184571	20371.421743730745	1.1206607	4.3
5919.8144529447345	1850	10.861565254712705	0.0	886255	8401.539404395431	1.0673496	-0.6000000000000001
5926.066138728612	1200	8.609879470834672	0.0	634861	6251.6857838780315	1.1453472	0.5499999999999999
5934.625694605209	1200	4.050323594237632	0.0	630203	8559.55587659704	0.61297596	1.2
5937.647304841627	300	5.028713357819126	0.0	160064	3021.610236418506	1.0301065	-0.6000000000000001
5940.357276334836	300	6.318741864611246	0.0	137507	2709.971493207881	0.51169664	0.3
5942.21556164566	300	8.460456553786214	0.0	118421	1858.285310825032	0.47347176	0.3

