24501.18240801942	750	4.0	1.7041197936685797	450283	1704.1197936685796	1.0377238	-6.577715112774892
24503.022916063168	750	6.159491956252071	0.0	398865	1840.5080437479282	0.81530654	0.75
24504.578738803768	750	8.60366921565108	0.0	350812	1555.8227406009928	0.7532853	0.75
24506.502676859243	750	10.67973116017162	0.0	382355	1923.938055479459	0.9343332	0.75
24508.582811313714	750	12.599596705701524	0.0	411561	2080.134454470097	0.74478185	0.75
24510.761535167385	1200	14.420872852030149	0.0	520315	2178.723853671376	0.8811035	0.75
24512.996297450572	1200	16.18611056884303	0.0	561791	2234.762283187118	0.24275577	1.2
24515.908471513358	1200	17.27393650605661	0.0	709534	2912.174062786418	0.23550028	1.2
24518.500779208818	1200	18.681628810596585	0.0	584846	2592.3076954600238	0.33823168	1.2
24521.20884319005	1200	19.973564829363546	0.0	560821	2708.0639812330414	0.3689201	1.2
24523.42387713341	1200	21.758530885999566	0.0	607410	2215.0339433639806	0.3565104	1.2
24526.262191431084	1200	22.920216588328927	0.0	594078	2838.3142976706367	0.38352275	1.2
24530.323205092776	1200	22.859202926636257	0.0	624282	4061.01366169267	0.32428044	1.2
24533.043549360566	1200	24.138858658847784	0.0	687371	2720.3442677884727	0.17064106	1.2
24535.051220715904	1200	26.131187303509726	0.0	526950	2007.6713553380587	0.42241764	1.2
24537.77582024403	1200	27.40658777538515	0.0	587876	2724.599528124575	0.50922287	1.2
24539.145349335577	1200	30.037058683836218	0.0	617242	1369.529091548936	0.42436266	1.2
24540.927192830168	1200	32.25521518924706	0.0	581493	1781.8434945891602	0.95693076	1.2
24542.92445784018	1200	34.2579501792342	0.0	639204	1997.2650100128608	0.8678757	1.2
24544.820953249702	1200	36.361454769715465	0.0	586839	1896.4954095187359	0.9434594	1.2
24546.92395037843	1200	38.25845764098604	0.0	601738	2102.997128729422	0.9037827	1.2
24549.157077466432	1200	40.02533055298173	0.0	616206	2233.1270880043076	1.0286856	1.2
24552.81414546042	1200	40.36826255899387	0.0	656471	3657.067993987863	0.92851275	1.2
24555.031479666006	1200	42.150928353406464	0.0	536667	2217.3342055873995	0.8164357	1.2
24557.109221648094	1200	44.073186371319245	0.0	587236	2077.7419820872233	1.0837313	1.2
24559.190565359182	1200	45.99184266022978	0.0	590335	2081.3437110894674	1.1314147	1.2
24561.64361725915	1200	47.53879076026514	0.0	696376	2453.051899964634	1.1684963	1.2
24563.434479350995	1200	49.747928668419796	0.0	487160	1790.8620918453487	1.3047581	1.2
24565.91401769413	1200	51.26839032528584	0.0	622896	2479.538343133949	1.2748405	1.2
24568.71914838616	1200	52.46325963325358	0.0	641447	2805.1306920322672	1.1950376	1.2
24571.38474028652	1200	53.79766773289323	0.0	570392	2665.5919003603385	1.2645622	1.2
24573.583434203516	1200	55.59897381589874	0.0	620283	2198.6939169944962	1.3144994	1.2
24580.318556811257	4300	52.863851208158	0.0	2191074	6735.1226077407355	1.3539318	1.1999999999999997
24590.605641986098	4300	46.576766033316964	0.0	2286761	10287.085174841039	0.21051058	4.3
24609.450959010737	4300	31.731449008676158	0.0	2307787	18845.317024640804	0.31230348	4.3
24622.68583225531	4300	22.496575764108528	0.0	2143948	13234.87324456763	1.0500715	4.3
24630.170458059445	2850	19.011949959971048	0.0	1139291	7484.625804137483	1.1250365	1.4000000000000001
24641.150146381293	1850	12.032261638124872	0.0	938587	10979.688321846175	1.0418838	0.8500000000000001
24645.633678076203	1200	11.548729943213065	0.0	605884	4483.531694911807	1.0183687	0.5499999999999999
24649.07985796878	1200	12.102550050637323	0.0	587506	3446.179892575741	0.42040557	1.2
24651.133512197193	1200	14.048895822226918	0.0	566904	2053.6542284104044	0.72416943	1.2
24653.158867389622	1200	16.023540629794912	0.0	641452	2025.3551924320057	1.1176574	1.2
24660.15993652536	4300	13.022471494058227	0.0	2121928	7001.069135736684	1.3465494	1.1999999999999997
24663.98690904968	2850	13.19549896973944	0.0	1587250	3826.9725243187877	1.0435168	1.4000000000000001
24668.3275486382	2850	12.85485938121495	0.0	1464921	4340.639588524489	0.5452811	2.85
24674.09907384144	2850	11.083334177977163	0.0	1483527	5771.525203237789	0.629761	2.85
24679.301626189277	2850	9.880781830143857	0.0	1231456	5202.552347833305	0.8652208	2.85
24689.1325503184	2850	4.049857701020132	0.0	1364537	9830.924129123725	0.793	2.85

