10904.593774374614	750	4.0	11.415819972284071	450283	11415.81997228407	0.44073132	-48.338025880821505
10907.416863446988	300	5.176910927625635	0.0	155580	2823.0890723743646	0.052163884	-0.15000000000000002
10909.713265958915	300	6.880508415700065	0.0	139857	2296.4025119255693	0.054171536	0.3
10911.795600312522	300	8.798174062092835	0.0	155432	2082.334353607229	0.049162693	0.3
10914.75877664639	300	9.834997728226448	0.0	163442	2963.1763338663886	0.16821764	0.3
10917.99922472006	300	10.594549654555204	0.0	126289	3240.4480736712444	0.078011334	0.3
10920.665032985444	300	11.928741389173108	0.0	153295	2665.8082653820957	0.060844947	0.3
10925.157143115928	300	11.436631258687633	0.0	173849	4492.110130485475	0.071356505	0.3
10929.80469741075	300	10.78907696386657	0.0	150710	4647.554294821064	0.091795854	0.3
10934.556598380721	300	10.037175993896167	0.0	139105	4751.900969970405	0.06693621	0.3
10939.512842549702	300	9.080931824913973	0.0	141840	4956.244168982194	0.05605314	0.3
10944.6039216365	300	7.9898527381139415	0.0	156148	5091.079086800031	0.022232588	0.3
10948.90780928258	300	7.685965092034298	0.0	160746	4303.887646079643	0.021827903	0.3
10955.030780531517	300	5.562993843097569	0.0	179801	6122.971248936729	0.01453609	0.3
10959.799607050842	300	4.794167323771426	0.0	140051	4768.826519326142	0.016825322	0.3
10964.398298059792	300	4.195476314822005	0.0	138313	4598.691008949421	0.008655123	0.3
10967.78272151665	300	4.811052857963363	0.0	143509	3384.423456858642	0.008928321	0.3
10970.046268080243	300	6.547506294370085	0.0	150616	2263.5465635932774	0.012510294	0.3
10971.633447808155	300	8.960326566457432	0.0	165384	1587.179727912654	0.035610326	0.3
10972.993647360194	300	11.600127014419334	0.0	140881	1360.1995520380992	0.261283	0.3
10974.293461383117	300	14.30031299149726	0.0	157671	1299.814022922074	0.41865772	0.3
10975.473441915163	300	17.120332459452786	0.0	157812	1179.9805320444698	0.8298656	0.3
10976.697320251838	300	19.89645412277562	0.0	163927	1223.8783366771659	1.069702	0.3
10979.077044026102	750	21.516730348512116	0.0	343800	2379.7237742635048	1.1538801	0.3
10981.400284986537	750	23.193489388078877	0.0	359903	2323.2409604332393	0.5656233	0.75
10983.811680707446	750	24.782093667171097	0.0	379700	2411.3957209077803	0.80200565	0.75
10986.695343322015	750	25.898431052602177	0.0	425781	2883.66261456892	0.7308607	0.75
10988.819342282404	750	27.774432092211203	0.0	277716	2123.998960390976	0.93647605	0.75
10991.780659240707	750	28.813115133908216	0.0	400396	2961.316958302985	0.8894742	0.75
10994.355603406719	750	30.2381709678986	0.0	400508	2574.9441660096177	0.84594524	0.75
10997.305603332406	1200	31.288171042209814	0.0	570392	2949.9999256887872	0.9432373	0.75
11000.072979507713	1200	32.52079486690283	0.0	620283	2767.3761753069853	0.36513856	1.2
11003.209403150991	1200	33.38437122362404	0.0	584349	3136.423643278783	0.5681596	1.2
11006.724608488414	1200	33.869165886199625	0.0	670129	3515.20533742442	0.46630275	1.2
11010.119594812262	1200	34.47417956235205	0.0	690253	3394.9863238475727	0.4626519	1.2
11012.924825565198	1200	35.66894880941653	0.0	598727	2805.2307529355194	0.6300304	1.2
11015.046554600263	1200	37.54721977435122	0.0	487812	2121.7290350653057	1.0445843	1.2
11017.41641461891	1200	39.1773597557037	0.0	575591	2369.8600186475246	1.0928283	1.2
11020.107091496084	1200	40.4866828785316	0.0	605884	2690.6768771720963	1.2514863	1.2
11022.483717933106	1200	42.11005644150993	0.0	587506	2376.626437021663	1.2524204	1.2
11025.26181504489	1200	43.33195932972371	0.0	566904	2778.097111786225	1.3577096	1.2
11028.176241252235	1200	44.41753312237983	0.0	641452	2914.426207343879	1.2923486	1.2
11039.168359027346	4300	37.42541534726768	0.0	2121928	10992.117775112149	1.249245	1.1999999999999997
11051.044195714441	4300	29.549578660172383	0.0	2219102	11875.836687095298	0.0986645	4.3
11060.180977570673	4300	24.412796803940502	0.0	2124950	9136.781856231879	0.3227301	4.3
11069.623334683314	4300	18.970439691300438	0.0	2246506	9442.357112640064	0.6179313	4.3
11078.893406389976	4300	13.700367984638687	0.0	1961140	9270.07170666175	0.9265281	4.3
11082.938164205558	1850	13.655610169056384	0.0	846370	4044.757815582302	1.1528544	-0.6000000000000001

