2035.105719657116	750	4.0	6.275717151967713	450283	6275.717151967713	0.8707596	-26.235583753461167
2037.2804023754722	300	5.825317281643536	0.0	155580	2174.6827183564637	0.30283913	-0.15000000000000002
2039.3663268798718	300	7.7393927772440305	0.0	139857	2085.924504399506	0.114382215	0.3
2043.2932927156742	300	7.812426941441434	0.0	155432	3926.9658358025963	0.1293855	0.3
2045.0986367049825	300	10.00708295213319	0.0	163442	1805.343989308242	0.07414648	0.3
2046.5861423734796	300	12.519577283635904	0.0	126289	1487.5056684972856	0.33533156	0.3
2048.5998020589277	300	14.505917598187823	0.0	153295	2013.6596854480813	0.22156219	0.3
2051.9211508628164	300	15.184568794298952	0.0	173849	3321.3488038888718	0.1782645	0.3
2054.6644819876205	300	16.441237669495035	0.0	150710	2743.3311248039176	0.1791997	0.3
2056.619407440964	300	18.48631221615171	0.0	139105	1954.9254533433261	0.1576177	0.3
2058.92383847085	300	20.18188118626581	0.0	141840	2304.4310298859023	0.25528526	0.3
2061.483822433563	300	21.621897223552516	0.0	156148	2559.9839627132924	0.15317605	0.3
2063.69941330786	300	23.406306349255672	0.0	160746	2215.5908742968422	0.21453956	0.3
2065.9280740426025	300	25.17764561451333	0.0	179801	2228.660734742343	0.17981339	0.3
2067.523876336496	300	27.581843320619964	0.0	140051	1595.8022938933686	0.41480544	0.3
2068.959176564954	300	30.146543092162144	0.0	138313	1435.3002284578197	0.4303286	0.3
2070.2499833206293	300	32.855736336486416	0.0	143509	1290.8067556757312	0.6100108	0.3
2071.9012394367905	300	35.204480220325465	0.0	150616	1651.2561161609474	0.8647865	0.3
2073.5803701407735	300	37.5253495163423	0.0	165384	1679.1307039831634	0.73322713	0.3
2075.1999013630184	300	39.90581829409767	0.0	140881	1619.5312222446285	0.8864131	0.3
2077.6068214986144	300	41.49889815850139	0.0	157671	2406.9201355962828	0.8379276	0.3
2080.874873590751	300	42.230846066364826	0.0	157812	3268.052092136557	0.75511384	0.3
2084.8339206643323	300	42.27179899278362	0.0	163927	3959.047073581204	0.5902721	0.3
2088.125406406361	300	42.98031325075512	0.0	137654	3291.4857420285075	0.5418938	0.3
2091.004206508021	300	44.10151314909514	0.0	146754	2878.800101659981	0.38617277	0.3
2093.880417771681	300	45.225301885434966	0.0	153938	2876.211263660177	0.2706441	0.3
2097.715264029708	300	45.390455627407654	0.0	181901	3834.8462580273144	0.26480043	0.3
2100.3932202021033	300	46.71249945501269	0.0	111155	2677.9561723949673	0.35757047	0.3
2104.0579617703806	300	47.047757886735305	0.0	153605	3664.741568277377	0.15796766	0.3
2107.4681858712725	300	47.63753378584399	0.0	149029	3410.2241008913174	0.21136978	0.3
2110.4592093884503	300	48.64651026866607	0.0	157421	2991.023517177923	0.31197336	0.3
2112.589091443938	300	50.51662821317873	0.0	157488	2129.882055487342	0.34274045	0.3
2115.2358317390303	300	51.869887918086235	0.0	143881	2646.7402950924934	0.7028229	0.3
2118.6925783393613	300	52.4131413177554	0.0	163444	3456.7466003308336	0.45226485	0.3
2122.359333049315	300	52.74638660780141	0.0	179328	3666.7547099539897	0.54452103	0.3
2126.2177165294393	300	52.88800312767729	0.0	159914	3858.3834801241246	0.6274899	0.3
2128.977831148699	300	54.127888508417335	0.0	131610	2760.1146192599444	0.86202353	0.3
2131.434235369122	300	55.67148428799442	0.0	124011	2456.4042204229177	0.7048504	0.3
2135.229257048877	300	55.876462608239315	0.0	144254	3795.0216797551025	0.7861868	0.3
2137.5444311990354	300	57.5612884580808	0.0	149991	2315.1741501585157	0.74682224	0.3
2139.3935741886517	300	59.71214546846486	0.0	147968	1849.1429896159416	1.2911282	0.3
2142.4105321497614	300	59.89545224366118	0.0	161857	1816.693224803681	1.4268898	0.3
2145.9383068802817	300	59.906697280054225	0.0	145210	1488.754963606952	1.7311099	0.3
2183.19374072827	4300	26.65126343206631	0.0	2219102	37255.433847987915	1.7186829	0.2999999999999998
2194.327201401821	1850	19.51780275851459	0.0	958994	11133.460673551725	1.0640807	-0.6000000000000001
2206.995856693075	1850	10.84914746726071	0.0	982064	12668.65529125388	0.9565576	1.85
2212.097600110394	750	9.747404049941688	0.0	331053	5101.743417319024	1.063205	-0.3500000000000001
2216.63152382336	750	9.213480336975772	0.0	314107	4533.923712965916	0.7280748	0.75

