8280.592619269393	750	4.0	3.704434403261277	450283	3704.4344032612767	0.9442255	-15.17906793402349
8283.050488693563	750	5.542130575831285	0.0	398865	2457.869424168715	0.7278795	0.75
8285.017426035358	750	7.575193234035682	0.0	350812	1966.9373417956033	0.49096215	0.75
8286.931501365174	750	9.66111790421944	0.0	382355	1914.0753298162413	0.48216987	0.75
8289.299631815275	750	11.292987454118826	0.0	411561	2368.130450100615	0.69617105	0.75
8291.283367555594	750	13.309251713799588	0.0	318564	1983.7357403192384	0.7851707	0.75
8293.243349684933	750	15.349269584458296	0.0	352642	1959.9821293412924	0.6283753	0.75
8296.331501201	750	16.261118068392573	0.0	437162	3088.151516065724	0.593591	0.75
8298.74450949853	750	17.848109770862976	0.0	374758	2413.0082975295954	0.67310697	0.75
8300.955701862513	750	19.636917406880027	0.0	362795	2211.1923639829483	0.6981997	0.75
8302.928723159514	750	21.663896109879733	0.0	353220	1973.0212970002929	0.6990697	0.75
8304.90184760596	750	23.69077166343346	0.0	405134	1973.1244464462754	0.83717775	0.75
8307.37664955147	750	25.21596971792252	0.0	386351	2474.801945510938	0.8619105	0.75
8309.707826735003	750	26.88479253439028	0.0	434409	2331.1771835322406	0.76656914	0.75
8312.298406799639	1200	28.29421246975576	0.0	526950	2590.5800646345187	0.9253231	0.75
8314.63387697683	1200	29.958742292564033	0.0	587876	2335.4701771917285	0.28975743	1.2
8317.69643921819	1200	30.896180051202457	0.0	617242	3062.5622413615756	0.4209739	1.2
8320.076066525759	1200	32.516552743634996	0.0	581493	2379.6273075674567	0.358347	1.2
8322.781777071003	1200	33.810842198391704	0.0	639204	2705.7105452432884	0.4631004	1.2
8325.186323418562	1200	35.40629585083254	0.0	586839	2404.546347559171	0.5365136	1.2
8327.44428553608	1200	37.14833373331481	0.0	601738	2257.962117517729	0.56763613	1.2
8330.071666743199	1200	38.52095252619462	0.0	616206	2627.381207120187	0.6512401	1.2
8332.885466804079	1200	39.70715246531592	0.0	656471	2813.800060878695	0.63331294	1.2
8334.831764076449	1200	41.76085519294504	0.0	536667	1946.297272370883	0.7412989	1.2
8336.735176659256	1200	43.85744261013713	0.0	587236	1903.4125828079088	0.9690993	1.2
8338.785097315786	1200	45.80752195360781	0.0	590335	2049.920656529317	1.1103717	1.2
8341.549233994168	1200	47.043385275226214	0.0	696376	2764.136678381591	1.0915759	1.2
8343.739175247172	1200	48.853444022221275	0.0	487160	2189.941253004945	1.1959053	1.2
8346.909942027667	1200	49.68267724172673	0.0	622896	3170.766780494546	1.0969418	1.2
8350.100758124752	1200	50.49186114464162	0.0	641447	3190.816097085107	0.94055414	1.2
8353.78570249691	1200	50.80691677248417	0.0	570392	3684.9443721574453	1.1254861	1.2
8357.04686110962	1200	51.54575815977353	0.0	620283	3261.1586127106525	0.8908802	1.2
8359.744387586386	1200	52.84823168300712	0.0	584349	2697.526476766404	1.1756407	1.2
8364.052640733149	1200	52.539978536245314	0.0	670129	4308.253146761814	1.2459936	1.2
8367.045828585331	1200	53.546790684062934	0.0	690253	2993.1878521823764	0.94842386	1.2
8369.978304072169	1200	54.61431519722572	0.0	598727	2932.475486837218	1.3102531	1.2
8381.341730183689	4300	47.25088908570553	0.0	1919781	11363.42611152019	1.3745943	1.1999999999999997
8392.519932950896	4300	40.07268631849831	0.0	2147467	11178.202767207214	0.2367813	4.3
8403.130557887596	4300	33.46206138179735	0.0	2133870	10610.624936700964	0.51883847	4.3
8410.063273357528	4300	30.529345911867676	0.0	2146120	6932.715469929673	0.69199634	4.3
8417.541950313107	4300	27.05066895628794	0.0	2108491	7478.676955579738	0.6803667	4.3
8423.430066734907	2850	25.162552534487947	0.0	1527299	5888.116421799993	0.7995828	1.4000000000000001
8429.42922654404	2850	23.1633927253554	0.0	1343002	5999.159809132547	0.21082267	2.85
8434.761179861298	2850	21.831439408097587	0.0	1587250	5331.953317257812	0.37256843	2.85
8443.87254950135	2850	16.720069768044734	0.0	1464921	9111.369640052855	0.30408043	2.85
8451.608855001341	2850	12.983764268052521	0.0	1483527	7736.305499992214	0.7752758	2.85
8459.45002101155	2850	9.142598257844114	0.0	1231456	7841.166010208406	0.68596596	2.85
8468.114695409291	1850	4.47792386010378	0.0	846370	8664.674397740335	1.1496717	0.8500000000000001

