16983.914079717237	750	4.0	4.799754461958953	450283	4799.754461958953	0.2177742	-19.888944186423497
16985.33606994502	300	6.578009772220171	0.0	155580	1421.9902277798294	0.566102	-0.15000000000000002
16986.53807863393	300	9.376001083309369	0.0	139857	1202.0086889108015	0.4226856	0.3
16988.068269986754	300	11.845809730486824	0.0	155432	1530.1913528225455	0.635993	0.3
16989.790011430672	300	14.124068286566814	0.0	163442	1721.7414439200097	0.5459386	0.3
16991.082995395616	300	16.831084321623113	0.0	126289	1292.9839649437026	0.66011494	0.3
16992.39975665166	300	19.514323065579724	0.0	153295	1316.7612560433888	0.59482986	0.3
16994.377986027208	300	21.536093690030583	0.0	173849	1978.229375549142	0.7125412	0.3
16997.829177939406	300	22.08490177783134	0.0	150710	3451.191912199239	0.7565205	0.3
17001.27678336471	300	22.63729635252904	0.0	139105	3447.6054253022985	0.5055314	0.3
17004.624390309156	300	23.289689408083053	0.0	141840	3347.6069444459904	0.37057889	0.3
17007.765903325475	300	24.148176391762494	0.0	156148	3141.5130163205604	0.1846515	0.3
17010.546249704126	300	25.367830013110833	0.0	160746	2780.3463786516572	0.20985833	0.3
17012.880818891685	300	27.033260825550737	0.0	179801	2334.5691875600974	0.14616342	0.3
17014.248773049007	300	29.665306668226346	0.0	140051	1367.9541573243926	0.3212606	0.3
17015.766044567506	300	32.14803514972852	0.0	138313	1517.2715184978235	0.4507773	0.3
17017.768743024546	300	34.14533669268884	0.0	143509	2002.6984570396776	0.46985552	0.3
17019.804315099544	300	36.10976461768891	0.0	150616	2035.5720749999327	0.45712224	0.3
17022.142400466793	300	37.771679250441245	0.0	165384	2338.0853672476655	0.46875468	0.3
17024.29057433345	300	39.623505383786714	0.0	140881	2148.1738666545266	0.60860956	0.3
17027.328066455444	300	40.58601326179257	0.0	157671	3037.492121994143	0.47405612	0.3
17030.873088082186	300	41.0409916350496	0.0	157812	3545.0216267429732	0.42323285	0.3
17033.782568624803	300	42.13151109243273	0.0	163927	2909.4805426168664	0.31471378	0.3
17036.638503870705	300	43.2755758465308	0.0	137654	2855.9352459019296	0.36577865	0.3
17039.660166373887	300	44.25391334334848	0.0	146754	3021.6625031823223	0.2513568	0.3
17042.15240450034	300	45.76167521689631	0.0	153938	2492.2381264521728	0.19956227	0.3
17044.908726291713	300	47.00535342552232	0.0	181901	2756.3217913739873	0.25817883	0.3
17046.870710107683	300	49.04336960955008	0.0	111155	1961.9838159722353	0.47216475	0.3
17049.814227962208	300	50.09985175502686	0.0	153605	2943.517854523227	0.26715475	0.3
17051.936489062038	300	51.977590655197695	0.0	149029	2122.2610998291602	0.29886588	0.3
17053.89085590138	300	54.02322381585551	0.0	157421	1954.366839342183	0.5860423	0.3
17055.72459738949	300	56.18948232774638	0.0	157488	1833.7414881091297	0.6968891	0.3
17057.41224577523	300	58.501833942006165	0.0	143881	1687.6483857402145	0.9730293	0.3
17060.147923392804	300	59.766156324432984	0.0	163444	1735.6776175731898	0.9245361	0.3
17064.012294861517	300	59.80076968268661	0.0	179328	2465.3866417463714	1.1050167	0.3
17066.785040320636	300	59.858889333214655	0.0	159914	1941.8803494719577	1.0124953	0.3
17069.1772894995	300	59.833197374901275	0.0	131610	1525.6919583133763	1.3562543	0.3
17071.84405440526	300	59.518093532301506	0.0	124011	1315.1038425997667	1.249953	0.3
17074.434338117702	300	59.963782226758205	0.0	144254	1554.311305543302	1.4192586	0.3
17076.100432711413	300	59.93872105700368	0.0	149991	1525.061169754528	1.4991117	0.3
17077.337700351163	300	59.73060394460714	0.0	147968	1208.1171123965491	1.6121829	0.3
17088.453084596684	1200	52.615219699087426	0.0	641452	11115.384245519708	1.6927433	0.29999999999999993
17096.748984129877	1200	48.3193201658934	0.0	599477	8295.899533194026	1.2111537	1.2
17102.08125196404	1200	46.9870523317309	0.0	634861	5332.267834162511	1.0666449	1.2
17134.365274954554	4300	18.703029341218514	0.0	2124950	32284.022990512385	1.1526384	1.1999999999999997
17140.99806249246	1850	16.070241803311674	0.0	982064	6632.787537906838	1.1168339	-0.6000000000000001
17148.2827627619	1850	12.785541533870212	0.0	830730	7284.700269441463	0.87994486	1.85
17154.70108006986	1850	10.367224225911926	0.0	846370	6418.317307958284	0.6684519	1.85

