24332.008784544018	750	4.0	4.264022486880352	450283	4264.022486880352	0.7999275	-17.585296693585512
24333.262365539613	300	6.746419004404097	0.0	155580	1253.5809955959026	0.67698145	-0.15000000000000002
24334.422458090085	300	9.586326453931424	0.0	139857	1160.0925504726724	0.6042953	0.3
24335.997599431197	300	12.011185112819247	0.0	155432	1575.141341112178	0.7455302	0.3
24340.11613713229	300	11.892647411728696	0.0	163442	4118.53770109055	0.5913118	0.3
24343.559587444983	300	12.449197099030972	0.0	126289	3443.450312697726	0.44506887	0.3
24347.62259725073	300	12.386187293283337	0.0	153295	4063.009805747634	0.19556744	0.3
24352.6405770166	300	11.368207527413329	0.0	173849	5017.979765870008	0.13191341	0.3
24356.56657943458	300	11.442205109432708	0.0	150710	3926.002417980623	0.1917615	0.3
24358.67436644268	300	13.334418101334908	0.0	139105	2107.7870080978	0.10106316	0.3
24360.0935542236	300	15.915230320415505	0.0	141840	1419.1877809194025	0.1268437	0.3
24361.560850999584	300	18.44793354443348	0.0	156148	1467.2967759820283	0.20674594	0.3
24362.86244092195	300	21.14634362206992	0.0	160746	1301.5899223635577	0.39749113	0.3
24364.43051732007	300	23.57826722394561	0.0	179801	1568.0763981243128	0.674063	0.3
24366.008526645324	300	26.00025789869061	0.0	140051	1578.0093252550014	0.90878147	0.3
24368.44859241388	300	27.560192130136542	0.0	138313	2440.0657685540655	0.73985565	0.3
24371.25723121771	300	28.75155332630571	0.0	143509	2808.6388038308323	0.6252235	0.3
24373.395312484125	300	30.613472059895905	0.0	150616	2138.081266409806	0.56940746	0.3
24375.27337000797	300	32.73541453605088	0.0	165384	1878.057523845026	0.5556632	0.3
24376.700597737447	300	35.308186806573026	0.0	140881	1427.2277294778553	0.7773437	0.3
24378.04330468643	300	37.96547985758996	0.0	157671	1342.7069489830592	0.8312851	0.3
24379.184532332576	300	40.82425221144322	0.0	157812	1141.2276461467402	0.9564268	0.3
24380.333461866445	300	43.67532267757291	0.0	163927	1148.929533870319	1.0638595	0.3
24381.606000967542	300	46.40278357647437	0.0	137654	1272.539101098535	1.1529841	0.3
24383.705274368836	300	48.30351017518102	0.0	146754	2099.273401293357	1.0141712	0.3
24385.995799865625	300	50.01298467839101	0.0	153938	2290.525496790014	0.89687216	0.3
24388.216195081735	300	51.79258946228121	0.0	181901	2220.3952161097973	0.90699756	0.3
24389.124678457065	300	54.884106086950275	0.0	111155	908.4833753309318	0.99817044	0.3
24390.251494111202	300	57.757290432813186	0.0	153605	1126.8156541370938	1.0328584	0.3
24392.253657484882	300	59.51957469195689	0.0	149029	1237.715740856296	1.1379839	0.3
24396.221774999634	300	59.55145717720427	0.0	157421	2468.1175147526224	1.1438226	0.3
24399.835609159843	300	59.93762301699599	0.0	157488	3113.834160208277	0.93757105	0.3
24403.32675156034	300	59.67525153738773	0.0	143881	1762.371479608256	1.0159957	0.3
24406.741657577382	300	59.94218396546592	0.0	163444	1733.067571921811	1.1451881	0.3
24410.418102088082	300	59.584880999421856	0.0	179328	2857.3029660440675	1.2275873	0.3
24412.696171753738	300	59.78541684832318	0.0	159914	1799.4641510986792	1.1256921	0.3
24414.737768709798	300	59.84392112282201	0.0	131610	1441.495725501167	1.4904566	0.3
24417.030222200832	300	59.66774503073351	0.0	124011	2176.1760920884926	1.2715213	0.3
24419.065609138997	300	59.898190280174155	0.0	144254	1769.5547505593627	1.0898819	0.3
24421.809592102447	300	59.52911485880536	0.0	149991	1369.0754213687972	1.4492366	0.3
24423.97629190885	300	59.523218793641675	0.0	147968	1505.8960651636808	1.6556679	0.3
24426.81841033875	300	59.53756143031032	0.0	161857	1485.65736333135	1.6183864	0.3
24450.256964783064	4300	40.09900698599642	0.0	2121928	23438.5544443139	1.7090567	0.2999999999999998
24485.702285232404	4300	8.65368653665555	0.0	2219102	35445.32044934087	0.08495075	4.3
24488.78472015506	750	9.571251613999856	0.0	398987	3082.434922655694	0.6265756	-2.8
24492.53376488465	750	9.82220688440929	0.0	393804	3749.044729590565	0.34832764	0.75
24497.14774547056	750	9.208226298497054	0.0	331053	4613.980585912235	0.96852875	0.75
24499.47828822575	750	10.87768354330681	0.0	314107	2330.542755190245	0.8151126	0.75

