23303.007328581818	750	4.0	5.460500454044817	450283	5460.500454044817	0.08965435	-22.730151952392713
23304.306883207417	300	6.700445374400823	0.0	155580	1299.5546255991767	0.43101168	-0.15000000000000002
23305.44437291039	300	9.562955671427938	0.0	139857	1137.489702972886	0.5257351	0.3
23306.638685272388	300	12.368643309431896	0.0	155432	1194.3123619960415	0.70105064	0.3
23307.83539107549	300	15.171937506333434	0.0	163442	1196.7058030984626	0.8360772	0.3
23308.69718644414	300	18.310142137681243	0.0	126289	861.7953686521879	1.0093367	0.3
23311.563750542635	750	19.443578039190324	0.0	352642	2866.5640984909196	0.98727334	0.3
23314.657548810905	750	20.34977977092225	0.0	437162	3093.7982682680763	0.21449432	0.75
23317.385758203713	750	21.621570378115102	0.0	374758	2728.2093928071467	0.46467522	0.75
23320.462835254762	750	22.544493327065815	0.0	362795	3077.0770510492894	0.47637248	0.75
23323.15085424874	750	23.856474333089654	0.0	353220	2688.0189939761635	0.39503753	0.75
23326.098981441894	750	24.908347139937323	0.0	405134	2948.1271931523315	0.5672748	0.75
23330.878400042417	750	24.12892853941139	0.0	386351	4779.418600525931	0.51391435	0.75
23337.153401006395	750	21.853927575434167	0.0	434409	6275.000963977223	0.27950916	0.75
23342.382220718617	750	20.62510786321206	0.0	337059	5228.819712222104	0.41072297	0.75
23345.583412162017	750	21.423916419815182	0.0	366214	3201.1914433968814	0.32893392	0.75
23349.48186371026	750	21.52546487156902	0.0	360831	3898.451548246161	0.28798598	0.75
23354.116272018728	750	20.89105656310559	0.0	372963	4634.408308463429	0.26954445	0.75
23359.976726035027	750	19.030602546803063	0.0	405596	5860.454016302528	0.33493924	0.75
23362.81645273204	750	20.190875849790118	0.0	350713	2839.726697012945	0.43830174	0.75
23366.34332389276	750	20.664004689071096	0.0	386472	3526.8711607190235	0.32588494	0.75
23372.49684949236	750	18.510479089471453	0.0	399894	6153.525599599643	0.26562274	0.75
23378.019972773018	750	16.98735580881133	0.0	401853	5523.123280660121	0.41687933	0.75
23381.204300396257	750	17.803028185572586	0.0	343800	3184.327623238745	0.44020826	0.75
23385.05667415348	750	17.950654428352646	0.0	359903	3852.373757219941	0.23581561	0.75
23388.659865720183	750	18.347462861645152	0.0	379700	3603.191566707495	0.3551796	0.75
23391.47698421965	750	19.5303443621759	0.0	425781	2817.1184994692517	0.3067554	0.75
23393.3071770562	750	21.70015152563184	0.0	277716	1830.1928365440606	0.5151391	0.75
23395.78216143542	750	23.22516714640807	0.0	400396	2474.984379223769	0.60295475	0.75
23398.313141669518	750	24.69418691230917	0.0	400508	2530.9802340988986	0.697816	0.75
23400.77317703957	750	26.234151542257706	0.0	358218	2460.0353700514643	0.83083385	0.75
23403.40428306191	750	27.60304551991669	0.0	400322	2631.106022341015	0.8341588	0.75
23405.8161063354	750	29.191222246429888	0.0	369834	2411.823273486803	0.9169136	0.75
23408.41509471573	750	30.592233866098216	0.0	412837	2598.9883803316693	0.91580003	0.75
23413.226619805548	1200	29.78070877627839	0.0	690253	4811.525089819824	0.9688774	0.75
23416.561628305324	1200	30.445700276501817	0.0	598727	3335.008499776573	0.39815843	1.2
23419.827214418183	1200	31.18011416364074	0.0	487812	3265.5861128610777	0.7646742	1.2
23424.403221244207	1200	30.604107337615577	0.0	575591	4576.006826025163	0.51020306	1.2
23427.780873512947	1200	31.226455068876728	0.0	605884	3377.6522687388483	0.4941334	1.2
23431.06837568308	1200	31.938952898743636	0.0	587506	3287.5021701330916	0.60442704	1.2
23434.55241220517	1200	32.45491637665855	0.0	566904	3484.036522085082	0.7423482	1.2
23438.27920828604	1200	32.72812029578473	0.0	641452	3726.7960808738235	0.6469029	1.2
23442.202278641875	1200	32.805049939947125	0.0	599477	3923.070355837606	0.8723468	1.2
23448.48228910811	1200	30.525039473714227	0.0	634861	6280.010466232894	0.7535113	1.2
23454.68978806521	1200	28.31754051661335	0.0	630203	6207.498957100876	0.7890084	1.2
23460.67603179318	1200	26.33129678864299	0.0	638661	5986.243727970359	0.76245886	1.2
23465.610502246916	1200	25.396826334908795	0.0	538612	4934.470453734199	0.96695477	1.2
23469.28488267709	1200	25.722445904734172	0.0	550906	3674.3804301746222	0.930197	1.2

