23802.819209897632	750	4.0	6.650702047500183	450283	6650.702047500184	0.2365528	-27.84801880425079
23806.02754193901	300	4.7916679586228605	0.0	155580	3208.33204137714	0.25957558	-0.15000000000000002
23808.780639717977	300	6.038570179654275	0.0	139857	2753.0977789685853	0.048356466	0.3
23812.370129045197	300	6.449080852435839	0.0	155432	3589.4893272184354	0.044004913	0.3
23815.86445231033	300	6.9547575873057905	0.0	163442	3494.323265130049	0.042949483	0.3
23817.42001438598	300	9.399195511649754	0.0	126289	1555.5620756560363	0.08386322	0.3
23819.67360309036	300	11.145606807272678	0.0	153295	2253.5887043770767	0.139913	0.3
23822.248836902123	300	12.570372995509178	0.0	173849	2575.233811763499	0.08284389	0.3
23824.658534921902	300	14.16067497572826	0.0	150710	2409.6980197809194	0.13671115	0.3
23827.186485483075	300	15.632724414555573	0.0	139105	2527.950561172686	0.12129383	0.3
23829.91323369384	300	16.905976203793937	0.0	141840	2726.7482107616383	0.15667687	0.3
23832.792556964876	300	18.02665293275635	0.0	156148	2879.3232710375887	0.099603385	0.3
23834.824975027048	300	19.99423487058342	0.0	160746	2032.4180621729286	0.13744834	0.3
23837.268978770924	300	21.550231126707583	0.0	179801	2444.003743875837	0.19139476	0.3
23839.213428432173	300	23.605781465455838	0.0	140051	1944.4496612517448	0.31796136	0.3
23840.9331631862	300	25.886046711429653	0.0	138313	1719.7347540261871	0.23954199	0.3
23842.578562358583	300	28.24064753904356	0.0	143509	1645.3991723860904	0.34024677	0.3
23844.263594668068	300	30.555615229561514	0.0	150616	1685.0323094820476	0.5087659	0.3
23846.130070263847	300	32.68913963378261	0.0	165384	1866.475595778906	0.58449566	0.3
23847.79853980819	300	35.020670089437196	0.0	140881	1668.4695443454104	0.7329131	0.3
23849.797407289127	300	37.02180260850438	0.0	157671	1998.8674809328177	0.69295335	0.3
23851.6644496334	300	39.15476026422753	0.0	157812	1867.0423442768572	0.69796574	0.3
23853.64560283074	300	41.173607066885594	0.0	163927	1981.153197341924	0.73207843	0.3
23855.26622081151	300	43.55298908611646	0.0	137654	1620.6179807691358	0.8062049	0.3
23857.085735922374	300	45.73347397525522	0.0	146754	1819.5151108612379	0.8033511	0.3
23859.1187507699	300	47.70045912773257	0.0	153938	2033.014847522648	0.7114679	0.3
23861.79948224681	300	49.01972765082392	0.0	181901	2680.7314769086574	0.6856117	0.3
23863.36730328012	300	51.451906617513195	0.0	111155	1567.8210333107172	0.7473539	0.3
23865.415584269584	300	53.40362562804697	0.0	153605	2048.2809894662246	0.5934142	0.3
23867.234439146636	300	55.58477075099417	0.0	149029	1818.8548770528023	0.6580446	0.3
23868.78643632255	300	58.032773575081094	0.0	157421	1551.9971759130697	0.8446801	0.3
23871.280061311485	300	59.53914858614573	0.0	157488	1493.6249889353724	0.96919143	0.3
23872.651742811882	300	59.74908453322337	0.0	143881	1290.0640529223626	1.1353667	0.3
23874.348119865313	300	59.95170480179633	0.0	163444	1297.3797314270314	1.1976066	0.3
23878.413861696023	300	59.88596297108753	0.0	179328	2565.741830708804	1.3593388	0.3
23881.89419706884	300	59.69316484193649	0.0	159914	2192.7981291510405	1.1408231	0.3
23883.27806886098	300	59.84999757249973	0.0	131610	1343.1672694367558	1.3924043	0.3
23885.2509969186	300	59.758885766887545	0.0	124011	1091.1118056121904	1.4210479	0.3
23889.236656938887	300	59.77322574659989	0.0	144254	1985.6600202876534	1.5578387	0.3
23893.16429197495	300	59.54814635501961	0.0	149991	2225.079391580278	1.4451063	0.3
23896.969599869466	300	59.7428384605017	0.0	147968	2805.3078945179127	1.4712553	0.3
23900.301783660234	300	59.52567843011716	0.0	161857	3217.1600303845403	1.3599495	0.3
23902.671675194815	300	59.908244495516264	0.0	145210	1117.4339346008956	1.5026205	0.3
23935.566119952575	4300	31.013799737756454	0.0	2219102	32894.44475775981	1.6673563	0.2999999999999998
23942.86642265226	1850	27.713497038071793	0.0	958994	7300.302699684661	0.979438	-0.6000000000000001
23977.917955962614	4300	4.0	7.338036272282989	2246506	35051.53331035478	0.9799838	-29.70355597081685
23979.5091227728	300	6.40883318981006	0.0	137507	1591.1668101899404	0.5561658	-3.7
23980.745836854014	300	9.172119108595483	0.0	118421	1236.7140812145763	0.9851317	0.3

