7926.86901559234	750	4.0	3.5333118074124745	450283	3533.3118074124745	0.76347494	-14.44324077187364
7931.195234207371	750	4.0	0.3262186150318439	398865	4326.218615031844	0.7170432	-0.6527400446369287
7932.649769086249	300	6.545465121122313	0.0	139857	1454.534878877686	0.7205344	-0.15000000000000002
7934.097916843887	300	9.097317363484416	0.0	155432	1448.1477576378954	0.47196233	0.3
7935.638854971798	300	11.556379235574694	0.0	163442	1540.9381279097233	0.56205004	0.3
7936.835120394627	300	14.360113812745663	0.0	126289	1196.2654228290296	0.7724453	0.3
7937.9463741198415	300	17.248860087531202	0.0	153295	1111.2537252144582	0.652768	0.3
7939.680717234027	300	19.514516973345692	0.0	173849	1734.343114185513	0.75298226	0.3
7941.804224517041	300	21.39100969033109	0.0	150710	2123.5072830146064	0.815332	0.3
7944.1430015090655	300	23.05223269830631	0.0	139105	2338.7769920247783	0.69307494	0.3
7946.575326848124	300	24.61990735924756	0.0	141840	2432.325339058754	0.6301877	0.3
7948.648261626755	300	26.5469725806172	0.0	156148	2072.934778630359	0.42770004	0.3
7950.118757171558	300	29.07647703581356	0.0	160746	1470.4955448036387	0.5472397	0.3
7951.715716112212	300	31.479518095159637	0.0	179801	1596.9589406539233	0.68534553	0.3
7952.957417104616	300	34.237817102755926	0.0	140051	1241.7009924037063	0.9607438	0.3
7954.589517980838	300	36.60571622653486	0.0	138313	1632.1008762210677	0.89414126	0.3
7956.352039840555	300	38.843194366816554	0.0	143509	1762.5218597183064	0.73225594	0.3
7958.636203869974	300	40.55903033739832	0.0	150616	2284.164029418237	0.7926121	0.3
7962.483093959694	300	40.71214024767841	0.0	165384	3846.890089719902	0.6344367	0.3
7964.700933412014	300	42.49430079535901	0.0	140881	2217.839452319397	0.6448591	0.3
7966.485144614778	300	44.7100895925948	0.0	157671	1784.211202764218	0.53644264	0.3
7967.995462140451	300	47.19977206692117	0.0	157812	1510.31752567363	0.6583861	0.3
7969.814585499445	300	49.380648707927435	0.0	163927	1819.123358993732	0.7567668	0.3
7971.023655519259	300	52.17157868811417	0.0	137654	1209.070019813268	0.69211185	0.3
7972.1793168813565	300	55.015917326015504	0.0	146754	1155.6613620986639	0.8196354	0.3
7973.45095362214	300	57.744280585232325	0.0	153938	1271.636740783185	0.9072342	0.3
7975.125522750089	300	59.84462097801365	0.0	181901	1399.6596072186762	1.013896	0.3
7976.1389287504435	300	59.850372700051786	0.0	111155	994.2482779618693	1.0652936	0.3
7978.004018960692	300	59.98240648472389	0.0	153605	1367.9662153278944	0.9305554	0.3
7979.694807817342	300	59.81057396805887	0.0	149029	1171.832516665024	1.0401905	0.3
7982.6591484425335	300	59.88288186360595	0.0	157421	1427.692104452912	1.1772329	0.3
7986.233394278329	300	59.934083220377616	0.0	157488	1948.7986432283394	1.1393021	0.3
7988.772756578164	300	59.64212570964342	0.0	143881	1291.9575107341986	1.1662366	0.3
7991.0563770345325	300	59.77401781400943	0.0	163444	1368.1078956339857	1.266943	0.3
7992.966704184851	300	59.56161056691792	0.0	179328	1712.40724709151	1.3541157	0.3
7995.22247671321	300	59.62268424955136	0.0	159914	1438.9263173665638	1.3536993	0.3
7997.732432218889	300	59.83112963085849	0.0	131610	1291.55461869287	1.5594603	0.3
8000.773273349059	300	59.71490942816599	0.0	124011	1116.2202026925074	1.4368665	0.3
8002.002535253398	300	59.51758894453673	0.0	144254	1197.320483629251	1.5537254	0.3
8006.738330457308	1200	58.78179374062671	0.0	587506	4735.7952039100255	1.636369	0.29999999999999993
8029.501631050644	4300	40.0184931472895	0.0	2108491	22763.300593337208	0.89997536	1.1999999999999997
8053.350813366215	4300	20.16931083171845	0.0	2184571	23849.182315571044	0.10786076	4.3
8060.688599209363	1850	16.831524988571477	0.0	886255	7337.785843146977	0.8986494	-0.6000000000000001
8068.4307074005055	1850	13.089416797428395	0.0	973972	7742.108191143082	0.6724462	1.85
8074.622375909496	1200	10.897748288437942	0.0	630203	6191.668508990452	0.84936166	0.5499999999999999
8079.61845432401	1200	9.901669873924268	0.0	638661	4996.078414513675	0.70446587	1.2
8084.558252507445	1200	8.961871690488854	0.0	538612	4939.798183435415	0.6653118	1.2
8087.511860386608	750	10.008263811326817	0.0	314107	2953.607879162037	1.0613773	0.3

