18064.015447646787	750	4.0	2.100206826790785	450283	2100.2068267907853	0.437719	-8.280889355200376
18066.533573752524	750	5.481873894263046	0.0	398865	2518.126105736954	0.66361535	0.75
18068.409085280575	750	7.60636236620974	0.0	350812	1875.511528053306	0.56760496	0.75
18070.302960333167	750	9.712487313614304	0.0	382355	1893.8750525954374	0.6473011	0.75
18072.102577913178	750	11.912869733607005	0.0	411561	1799.6175800072979	0.69257426	0.75
18074.390509000434	1200	13.6249386463487	0.0	520315	2287.931087258307	0.9492289	0.75
18076.77190231799	1200	15.243545328795022	0.0	561791	2381.393317553676	0.26535052	1.2
18080.47174374999	1200	15.543703896794852	0.0	709534	3699.84143200017	0.20723882	1.2
18083.335203102124	1200	16.68024454466295	0.0	584846	2863.4593521319025	0.18987751	1.2
18085.749757889032	1200	18.26568975775282	0.0	560821	2414.554786910128	0.23483875	1.2
18088.024406273093	1200	19.991041373693072	0.0	607410	2274.6483840597502	0.33822197	1.2
18090.160936696542	1200	21.85451095024499	0.0	594078	2136.5304234480823	0.36400333	1.2
18092.294554357428	1200	23.720893289356273	0.0	624282	2133.617660888716	0.42708546	1.2
18094.580245903653	1200	25.435201743133156	0.0	687371	2285.6915462231173	0.45591277	1.2
18096.870120010182	1200	27.145327636602396	0.0	526950	2289.8741065307595	0.68280745	1.2
18099.54103107569	1200	28.474416571094824	0.0	587876	2670.9110655075706	0.5143934	1.2
18102.097690309154	1200	29.91775733762922	0.0	617242	2556.659233465606	0.50189257	1.2
18104.71436538004	1200	31.301082266744007	0.0	581493	2616.6750708852123	0.589923	1.2
18107.52383415994	1200	32.4916134868463	0.0	639204	2809.468779897714	0.513885	1.2
18110.227395732996	1200	33.788051913790696	0.0	586839	2703.5615730555974	0.6187849	1.2
18112.90275770688	1200	35.11268993990406	0.0	601738	2675.3619738866364	0.56456745	1.2
18114.93444761073	1200	37.081000036056494	0.0	616206	2031.6899038475606	0.5675173	1.2
18117.914001653717	1200	38.10144599307022	0.0	656471	2979.5540429862767	0.7690513	1.2
18120.42097704632	1200	39.594470600464064	0.0	536667	2506.975392606157	0.6992028	1.2
18123.541989311154	1200	40.4734583356327	0.0	587236	3121.0122648313604	0.7519566	1.2
18126.754573342878	1200	41.260874303909674	0.0	590335	3212.5840317230286	0.55055547	1.2
18129.06782388311	1200	42.94762376367952	0.0	696376	2313.250540230144	0.49921405	1.2
18130.562422021463	1200	45.4530256253234	0.0	487160	1494.5981383561268	1.1189433	1.2
18133.008673248503	1200	47.006774398283426	0.0	622896	2446.2512270399684	1.3148805	1.2
18135.67806908094	1200	48.337378565848546	0.0	641447	2669.3958324348896	1.1489657	1.2
18138.215584325262	1200	49.79986332152305	0.0	570392	2537.5152443254938	1.1496983	1.2
18140.94702443543	1200	51.068423211352375	0.0	620283	2731.440110170674	1.1869674	1.2
18143.384652972127	1200	52.630794674656435	0.0	584349	2437.6285366959432	1.2974613	1.2
18148.07710433938	1200	51.93834330740475	0.0	670129	4692.451367251687	1.3294344	1.2
18157.063929932843	1200	46.95151771394111	0.0	690253	8986.825593463642	1.0392319	1.2
18164.74721192413	1200	43.26823572265506	0.0	598727	7683.281991286048	0.5342599	1.2
18168.29260725989	1200	43.72284038689465	0.0	487812	3545.395335760404	0.70263076	1.2
18171.10822067319	1200	44.907226973591236	0.0	575591	2815.613413303422	0.8794236	1.2
18175.352933041868	1200	44.66251460491621	0.0	605884	4244.712368675017	1.2884557	1.2
18178.473719830185	1200	45.5417278165968	0.0	587506	3120.7867883194212	0.9459237	1.2
18180.73272200898	1200	47.282725637801335	0.0	566904	2259.0021787954634	1.1585903	1.2
18184.011638457272	1200	48.00380918950983	0.0	641452	3278.9164482914966	1.2536547	1.2
18190.726484978513	4300	45.288962668269825	0.0	2121928	6714.846521240009	1.2245836	1.1999999999999997
18198.330212949844	4300	41.68523469693454	0.0	2219102	7603.727971335275	0.11901115	4.3
18206.073821250266	4300	37.941626396513705	0.0	2124950	7743.608300420843	0.0821927	4.3
18216.014671550554	4300	32.000776096227675	0.0	2246506	9940.850300286027	0.1301672	4.3
18224.308359238665	4300	27.70708840811575	0.0	1961140	8293.687688111924	0.2490351	4.3
18232.25945679683	4300	23.755990849951576	0.0	2155012	7951.097558164176	0.4715858	4.3

