11798.332906850736	750	4.0	3.791441730238546	450283	3791.441730238546	0.9992504	-15.553199440025747
11801.248408339325	750	5.08449851141021	0.0	398865	2915.50148858979	0.7286929	0.75
11803.426581575897	750	6.9063252748397534	0.0	350812	2178.173236570457	0.47743502	0.75
11805.95849729671	750	8.37440955402698	0.0	382355	2531.9157208127726	0.37926877	0.75
11808.797282462254	750	9.535624388482427	0.0	411561	2838.7851655445534	0.42147052	0.75
11810.452619832253	750	11.880287018483083	0.0	318564	1655.3373699993435	0.54235435	0.75
11811.93820526552	750	14.394701585215591	0.0	352642	1485.5854332674915	0.6808574	0.75
11813.322447116663	750	17.010459734071993	0.0	437162	1384.241851143601	0.79546887	0.75
11815.598137369068	1200	18.734769481666802	0.0	584846	2275.6902524051907	1.027856	0.75
11818.143690155124	1200	20.189216695610465	0.0	560821	2545.5527860563343	0.34927815	1.2
11822.089155973426	1200	20.24375087730793	0.0	607410	3945.465818302537	0.3327123	1.2
11825.341345530338	1200	20.991561320396187	0.0	594078	3252.189556911745	0.1572913	1.2
11828.394847357706	1200	21.938059493030185	0.0	624282	3053.501827366004	0.20765203	1.2
11832.632891316982	1200	21.700015533754023	0.0	687371	4238.043959276161	0.21099792	1.2
11835.771938317039	1200	22.56096853369804	0.0	526950	3139.0470000559844	0.21500306	1.2
11839.56038107275	1200	22.772525777985518	0.0	587876	3788.4427557125255	0.2532222	1.2
11844.683428557508	1200	21.64947829322898	0.0	617242	5123.0474847565365	0.19515511	1.2
11851.446929419335	1200	18.885977431402065	0.0	581493	6763.500861826918	0.12884216	1.2
11858.10732242727	1200	16.22558442346787	0.0	639204	6660.393007934195	0.3395186	1.2
11862.664749115012	1200	15.668157735723817	0.0	586839	4557.426687744054	0.41869345	1.2
11866.457913957222	1200	15.87499289351523	0.0	601738	3793.164842208585	0.25544608	1.2
11870.783293532395	1200	15.549613318341057	0.0	616206	4325.379575174175	0.32060337	1.2
11875.639836905959	1200	14.693069944778363	0.0	656471	4856.543373562694	0.32447565	1.2
11878.284271790986	1200	16.04863505974927	0.0	536667	2644.4348850290917	0.37860385	1.2
11881.864132182684	1200	16.468774668053136	0.0	587236	3579.860391696136	0.29969683	1.2
11885.384107723721	1200	16.948799127016244	0.0	590335	3519.975541036891	0.23969096	1.2
11890.729926347622	1200	15.602980503116488	0.0	696376	5345.818623899758	0.23217079	1.2
11895.016049206251	1200	15.316857644486772	0.0	487160	4286.122858629714	0.3187624	1.2
11901.791053241202	1200	12.541853609534728	0.0	622896	6775.004034952044	0.29605293	1.2
11908.174537446577	1200	10.158369404159977	0.0	641447	6383.48420537475	0.5919438	1.2
11913.327038849897	1200	9.005868000839897	0.0	570392	5152.5014033200805	0.70813215	1.2
11919.992065690743	1200	6.3408411599955405	0.0	620283	6665.026840844356	0.69531953	1.2
11924.263587693364	750	6.069319157375777	0.0	369834	4271.522002619763	1.014033	0.3
11929.391059103691	750	4.941847747047026	0.0	412837	5127.4714103287515	0.66046953	0.75
11935.222370616422	750	4.0	0.8894637656834739	401088	5831.3115127305	0.7260565	-3.0746941924389373
11937.801720401323	300	5.420650215099646	0.0	159914	2579.349784900354	0.6689211	-0.15000000000000002
11940.29015181038	300	6.9322188060398915	0.0	131610	2488.431409059754	0.3841496	0.3
11942.284785127444	300	8.937585488976806	0.0	124011	1994.633317063085	0.27793533	0.3
11944.839009130817	300	10.383361485603613	0.0	144254	2554.2240033731928	0.33707282	0.3
11948.217893525532	300	11.004477090888576	0.0	149991	3378.884394715036	0.32339215	0.3
11952.213935867454	300	11.008434748965026	0.0	147968	3996.042341923551	0.30143484	0.3
11956.270032294973	300	10.952338321447051	0.0	161857	4056.096427517976	0.21731505	0.3
11959.291862789105	300	11.930507827315898	0.0	145210	3021.8304941311535	0.312453	0.3
11961.370020512672	300	13.852350103748647	0.0	172312	2078.157723567253	0.20920044	0.3
11962.862881260104	300	16.35948935631618	0.0	167025	1492.8607474324667	0.9234688	0.3
11972.483132281372	1850	10.739238335048432	0.0	982064	9620.251021267746	1.530031	0.30000000000000004
11979.456724343288	1850	7.765646273132523	0.0	830730	6973.59206191591	0.7732843	1.85
11985.705653121631	1850	5.516717494790143	0.0	846370	6248.92877834238	0.90064454	1.85

