14746.599802314833	750	4.0	3.1328471558220468	450283	3132.8471558220467	0.24816608	-12.7212427700348
14749.056530782666	750	5.54327153216687	0.0	398865	2456.72846783313	0.64828175	0.75
14751.095190712767	750	7.504611602065916	0.0	350812	2038.6599301009546	0.5199857	0.75
14753.525114356189	750	9.074687958642482	0.0	382355	2429.923643423433	0.48929602	0.75
14756.325199073606	750	10.27460324122569	0.0	411561	2800.084717416791	0.46748886	0.75
14758.528770233339	750	12.071032081493824	0.0	318564	2203.571159731866	0.6298738	0.75
14761.739015084195	750	12.860787230638103	0.0	352642	3210.2448508557204	0.47771794	0.75
14765.344980632512	750	13.254821682319335	0.0	437162	3605.965548318769	0.25174594	0.75
14768.552043570613	750	14.047758744217493	0.0	374758	3207.062938101841	0.43825072	0.75
14772.160119471693	750	14.439682843137495	0.0	362795	3608.0759010799975	0.31756407	0.75
14774.99943843079	750	15.600363884041677	0.0	353220	2839.318959095819	0.24133208	0.75
14777.622980089915	750	16.976822224918177	0.0	405134	2623.541659123499	0.32796568	0.75
14781.31785288691	750	17.281949427923276	0.0	386351	3694.872796994901	0.36326972	0.75
14784.989524689381	750	17.61027762545171	0.0	434409	3671.6718024715624	0.23205948	0.75
14787.537113430048	750	19.062688884787054	0.0	337059	2547.588740664659	0.3242663	0.75
14791.017130781303	750	19.58267153352971	0.0	366214	3480.0173512573465	0.34220827	0.75
14793.542560771482	750	21.05724154335253	0.0	360831	2525.429990177182	0.22707012	0.75
14796.571393932014	750	22.028408382820047	0.0	372963	3028.83316053248	0.50165826	0.75
14799.452243223992	750	23.14755909084308	0.0	405596	2880.849291976964	0.34907556	0.75
14802.04968647732	750	24.550115837513218	0.0	350713	2597.4432533298627	0.52674043	0.75
14805.146149370497	750	25.45365294433587	0.0	386472	3096.4628931773477	0.60504043	0.75
14808.839464693401	750	25.760337621432004	0.0	399894	3693.3153229038644	0.51952255	0.75
14812.137435917142	750	26.46236639769009	0.0	401853	3297.9712237419144	0.45434836	0.75
14815.03972083135	750	27.560081483484183	0.0	343800	2902.284914205907	0.6028598	0.75
14818.264361314104	750	28.335441000728736	0.0	359903	3224.640482755447	0.59809643	0.75
14821.502208984644	750	29.097593330187685	0.0	379700	3237.84767054105	0.5770559	0.75
14825.961407489278	750	28.63839482555555	0.0	425781	4459.198504632135	0.49895406	0.75
14827.944671736208	750	30.655130578624203	0.0	277716	1983.2642469313491	0.5141174	0.75
14830.609163454927	750	31.990638859905822	0.0	400396	2664.4917187183787	0.8033473	0.75
14832.97362868833	750	33.626173626501014	0.0	400508	2364.4652334048105	0.7481015	0.75
14835.25268880472	750	35.34711351011375	0.0	358218	2279.0601163872643	0.97252685	0.75
14837.662685541503	750	36.93711677333001	0.0	400322	2409.996736783737	0.9333625	0.75
14840.2876924869	750	38.31210982793344	0.0	369834	2625.00694539657	1.0191321	0.75
14845.97382959463	1200	36.625972720202455	0.0	670129	5686.137107730987	0.9299162	0.75
14851.727015704828	1200	34.87278661000638	0.0	690253	5753.186110196076	0.31266445	1.2
14857.148140270037	1200	33.451662044795654	0.0	598727	5421.124565210727	0.36856502	1.2
14860.383608416194	1200	34.216193898638856	0.0	487812	3235.468146156795	0.564394	1.2
14865.989677477379	1200	32.61012483745533	0.0	575591	5606.069061183524	0.61831045	1.2
14870.580340126937	1200	32.01946218789702	0.0	605884	4590.662649558316	0.45504072	1.2
14875.250395260884	1200	31.349407053950227	0.0	587506	4670.05513394679	0.47280738	1.2
14879.696046141129	1200	30.903756173705634	0.0	566904	4445.650880244594	0.6172495	1.2
14884.323392177557	1200	30.27641013727625	0.0	641452	4627.346036429381	0.53036785	1.2
14889.218260807926	1200	29.38154150690832	0.0	599477	4894.868630367931	0.69626683	1.2
14894.658369323966	1200	27.941432990867135	0.0	634861	5440.108516041187	0.596305	1.2
14900.11782138556	1200	26.481980929273355	0.0	630203	5459.452061593778	0.72765946	1.2
14906.018452964454	1200	24.58134935038097	0.0	638661	5900.631578892383	0.7185971	1.2
14910.418022809909	1200	24.18177950492576	0.0	538612	4399.56984545521	0.93464506	1.2
14913.869695300888	1200	24.73010701394541	0.0	550906	3451.6724909803524	0.9428643	1.2

