21048.44533754	750	4.0	5.4395307625425735	450283	5439.530762542574	1.1596501	-22.639982278933065
21050.83896440793	300	5.606373132073677	0.0	155580	2393.6268679263235	0.43491262	-0.15000000000000002
21053.01059044024	300	7.4347470997634195	0.0	139857	2171.626032310258	0.09869126	0.3
21055.965090420406	300	8.480247119597157	0.0	155432	2954.4999801662616	0.12437924	0.3
21058.334903761537	300	10.110433778467936	0.0	163442	2369.8133411292224	0.10434282	0.3
21059.35102533568	300	13.094312204322456	0.0	126289	1016.1215741454799	0.22820367	0.3
21060.426292285625	300	16.019045254378536	0.0	153295	1075.2669499439207	0.526295	0.3
21061.583959572497	300	18.861377967505376	0.0	173849	1157.667286873158	0.8098384	0.3
21062.710428772425	300	21.73490876757911	0.0	150710	1126.4691999262682	1.1548781	0.3
21063.798840444575	300	24.64649709542586	0.0	139105	1088.4116721532487	0.9989673	0.3
21066.250751525942	750	26.194586014061358	0.0	353220	2451.911081364501	0.97031355	0.3
21069.07036335565	750	27.374974184351082	0.0	405134	2819.6118297102757	0.58449376	0.75
21071.865420205988	750	28.57991733401473	0.0	386351	2795.05685033635	0.6279905	0.75
21077.005151563084	750	27.44018597691823	0.0	434409	5139.731357096502	0.6318116	0.75
21079.685616925737	750	28.75972061426489	0.0	337059	2680.465362653339	0.47805926	0.75
21082.82850168694	750	29.61683585306282	0.0	366214	3142.8847612020686	0.6917926	0.75
21087.30796220638	750	29.13737533362185	0.0	360831	4479.460519440971	0.45806897	0.75
21092.631030687724	750	27.81430685227999	0.0	372963	5323.06848134186	0.3442456	0.75
21097.0289884067	750	27.416349133304372	0.0	405596	4397.957718975618	0.29179254	0.75
21100.441621032674	750	28.00371650733118	0.0	350713	3412.632625973191	0.29909235	0.75
21104.21798483593	750	28.22735270407673	0.0	386472	3776.363803254452	0.47762895	0.75
21107.078570828533	750	29.366766711471058	0.0	399894	2860.5859926056714	0.2891811	0.75
21109.97056741444	750	30.474770125565502	0.0	401853	2891.9965859055565	0.48212346	0.75
21112.381239116858	750	32.06409842314623	0.0	343800	2410.671702419273	0.53407717	0.75
21115.20972531183	750	33.235612228173046	0.0	359903	2828.4861949731826	0.59729743	0.75
21117.924328053614	750	34.52100948638965	0.0	379700	2714.6027417834	0.64591813	0.75
21121.083385476682	750	35.361952063320146	0.0	425781	3159.0574230695065	0.6660397	0.75
21123.042922618934	750	37.40241492106956	0.0	277716	1959.5371422505957	0.87000537	0.75
21126.97149857661	750	37.47383896338989	0.0	400396	3928.575957679673	0.92709696	0.75
21130.63822882228	750	37.80710871772092	0.0	400508	3666.7302456689645	0.7418383	0.75
21133.4429363304	750	39.00240120959934	0.0	358218	2804.7075081215844	0.8435787	0.75
21136.59783669549	750	39.84750084450751	0.0	400322	3154.9003650918307	0.90822184	0.75
21139.020798238485	750	41.4245393015147	0.0	369834	2422.9615429928103	0.9092851	0.75
21146.07812616139	1200	38.36721137861337	0.0	670129	7057.327922901328	1.0077515	0.75
21155.949217133944	1200	32.496120406059504	0.0	690253	9871.09097255387	0.3528698	1.2
21160.023988342462	1200	32.42134919754294	0.0	598727	4074.7712085165667	0.4314707	1.2
21163.360310150932	1200	33.08502738907233	0.0	487812	3336.3218084706045	0.6447711	1.2
21167.516295284306	1200	32.92904225569899	0.0	575591	4155.985133373346	0.57034373	1.2
21173.892424976886	1200	30.552912563119264	0.0	605884	6376.129692579723	0.64099073	1.2
21178.61564237947	1200	29.829695160535675	0.0	587506	4723.21740258359	0.45809072	1.2
21185.379653946835	1200	27.06568359316871	0.0	566904	6764.011567366965	0.55757636	1.2
21193.34937605417	1200	23.095961485832643	0.0	641452	7969.722107336068	0.5253258	1.2
21199.172199486915	1200	21.273138053087624	0.0	599477	5822.823432745018	0.6374605	1.2
21203.98531647475	1200	20.460021065251	0.0	634861	4813.116987836622	0.50065213	1.2
21208.388046578333	1200	20.057290961667437	0.0	630203	4402.7301035835635	0.589859	1.2
21213.12496660861	1200	19.320370931389974	0.0	638661	4736.920030277463	0.6178564	1.2
21217.081624423674	1200	19.36371311632292	0.0	538612	3956.6578150670525	0.8714168	1.2
21221.56814695679	1200	18.87719058320918	0.0	550906	4486.522533113743	0.90755033	1.2

