11993.568616080738	750	4.0	7.862962959107444	450283	7862.962959107444	1.2360382	-33.06074072416201
11995.133945199594	300	6.434670881144126	0.0	155580	1565.3291188558746	0.1620124	-0.15000000000000002
11996.536719214826	300	9.03189686591194	0.0	139857	1402.7740152321862	0.28941217	0.3
11998.423318697347	300	11.1452973833924	0.0	155432	1886.5994825195382	0.38283107	0.3
11999.890294034412	300	13.678322046325858	0.0	163442	1466.9753370665421	0.30992883	0.3
12000.798667720608	300	16.76994836013036	0.0	126289	908.373686195497	0.56698596	0.3
12002.832404624867	300	18.736211455873285	0.0	153295	2033.7369042570776	0.8409933	0.3
12006.529494455779	300	19.03912162496144	0.0	173849	3697.08983091185	0.47394052	0.3
12009.139320494513	300	20.429295586227582	0.0	150710	2609.826038733857	0.55742294	0.3
12010.326157193218	300	23.242458887522258	0.0	139105	1186.8366987053223	0.39501294	0.3
12011.477143507569	300	26.091472573172037	0.0	141840	1150.9863143502198	0.80151004	0.3
12012.720720069758	300	28.847896010983945	0.0	156148	1243.576562188093	0.8942282	0.3
12014.001766438598	300	31.566849642143406	0.0	160746	1281.0463688405398	0.98761535	0.3
12016.11242699225	300	33.45618908849169	0.0	179801	2110.6605536517113	0.9656525	0.3
12019.871340406817	750	33.6972756739243	0.0	337059	3758.9134145673884	0.8688686	0.3
12024.551913276844	750	33.01670280389734	0.0	366214	4680.572870026968	0.36803257	0.75
12026.737265046255	750	34.83135103448447	0.0	360831	2185.351769412863	0.27116787	0.75
12028.877901219881	750	36.690714860860446	0.0	372963	2140.636173624017	0.804725	0.75
12031.947049889593	750	37.621566191145675	0.0	405596	3069.14866971477	0.84141374	0.75
12034.275732332146	750	39.2928837485935	0.0	350713	2328.682442552174	0.6733437	0.75
12037.469646451555	750	40.098969629184275	0.0	386472	3193.91411940922	0.8681302	0.75
12040.052927679077	750	41.515688401662246	0.0	399894	2583.2812275220335	0.7400902	0.75
12042.942321585742	1200	42.626294494997104	0.0	656471	2889.3939066651333	0.8846737	0.75
12045.251410504594	1200	44.31720557614456	0.0	536667	2309.088918852549	0.52556396	1.2
12047.895104803525	1200	45.673511277214786	0.0	587236	2643.6942989297727	0.7441609	1.2
12050.38639508174	1200	47.182220998999085	0.0	590335	2491.290278215697	0.64764404	1.2
12053.090219307356	1200	48.478396773383466	0.0	696376	2703.824225615626	0.6661058	1.2
12055.47143882333	1200	50.097177257408944	0.0	487160	2381.219515974523	1.0381104	1.2
12058.83759487258	1200	50.731021208157145	0.0	622896	3366.1560492517992	0.88991463	1.2
12062.742504564958	1200	50.82611151578088	0.0	641447	3904.909692376266	0.76453465	1.2
12065.784391459243	1200	51.784224621495916	0.0	570392	3041.886894284967	0.8123943	1.2
12070.02268523265	1200	51.545930848088055	0.0	620283	4238.293773407858	0.97313213	1.2
12078.337272760304	1200	47.2313433204347	0.0	584349	8314.587527653353	0.8520677	1.2
12087.960142691878	1200	41.608473388860496	0.0	670129	9622.869931574201	0.35039806	1.2
12093.822652653374	1200	39.745963427365	0.0	690253	5862.509961495494	0.3195023	1.2
12096.618123428154	1200	40.95049265258441	0.0	598727	2795.470774780592	0.44496018	1.2
12098.495297186004	1200	43.07331889473602	0.0	487812	1877.173757848388	1.1395366	1.2
12101.80586767297	1200	43.76274840776879	0.0	575591	3310.570486967223	1.438863	1.2
12105.044928596904	1200	44.52368748383403	0.0	605884	3239.0609239347586	0.9295247	1.2
12110.429694578374	1200	43.13892150236412	0.0	587506	5384.765981469909	0.92451096	1.2
12114.59123399046	1200	42.97738209027737	0.0	566904	4161.539412086753	0.8607755	1.2
12119.043612164307	1200	42.52500391643061	0.0	641452	4452.378173846758	0.8231205	1.2
12123.796249460864	1200	41.77236661987478	0.0	599477	4752.637296555834	1.0336378	1.2
12128.671285895078	1200	40.89733018565996	0.0	634861	4875.036434214826	0.885221	1.2
12133.52833066661	1200	40.04028541412861	0.0	630203	4857.044771531353	1.0218037	1.2
12137.962412525954	1200	39.60620355478486	0.0	638661	4434.081859343741	0.95361435	1.2
12143.2921198714	1200	38.27649620934009	0.0	538612	5329.707345444773	1.2489917	1.2
12148.28178547012	1200	37.286830610617706	0.0	550906	4989.665598722385	1.1151276	1.2

