13212.110856960895	750	4.0	4.034106319630938	450283	4034.106319630938	0.4841862	-16.596657174413032
13213.227158299582	300	6.883698661312633	0.0	155580	1116.3013386873674	0.71219367	-0.15000000000000002
13214.233694908244	300	9.877162052650885	0.0	139857	1006.5366086617488	0.7995123	0.3
13215.192120956328	300	12.918736004566787	0.0	155432	958.4260480840993	0.9525714	0.3
13217.336295838311	750	14.774561122584116	0.0	411561	2144.174881982671	1.1513672	0.3
13220.265603561218	750	15.845253399677262	0.0	318564	2929.3077229068526	0.7672684	0.75
13222.473350040305	750	17.637506920590067	0.0	352642	2207.746479087196	0.3240954	0.75
13224.846092533231	750	19.264764427665607	0.0	437162	2372.742492924461	0.34805226	0.75
13226.713027997273	750	21.397828963622807	0.0	374758	1866.9354640428003	0.73943657	0.75
13228.536961105841	750	23.573895855055	0.0	362795	1823.9331085678102	0.83667135	0.75
13230.936089709552	750	25.174767251345823	0.0	353220	2399.1286037091736	0.8689972	0.75
13233.461322836274	750	26.649534124624076	0.0	405134	2525.2331267217473	0.7823445	0.75
13235.755045303358	750	28.355811657541462	0.0	386351	2293.7224670826126	0.8174074	0.75
13237.468736860337	750	30.642120100563	0.0	434409	1713.691556978459	0.8195176	0.75
13239.292115107033	1200	32.81874185386647	0.0	526950	1823.3782466965306	1.0633171	0.75
13241.175355042773	1200	34.9355019181281	0.0	587876	1883.2399357383802	0.5717809	1.2
13243.545280074626	1200	36.56557688627402	0.0	617242	2369.925031854069	0.7208843	1.2
13245.952394773547	1200	38.1584621873531	0.0	581493	2407.1146989209215	0.6283149	1.2
13248.547235750118	1200	39.56362121078206	0.0	639204	2594.8409765710376	0.55072737	1.2
13250.922752029524	1200	41.188104931375754	0.0	586839	2375.516279406309	0.7144749	1.2
13253.215719028422	1200	42.89513793247954	0.0	601738	2292.966998896214	0.78375375	1.2
13256.308130400363	1200	43.80272656053756	0.0	616206	3092.411371941981	0.90044034	1.2
13261.146380272707	1200	42.96447668819474	0.0	656471	4838.249872342818	0.682793	1.2
13263.726335975532	1200	44.38452098536744	0.0	536667	2579.9557028273016	0.41463354	1.2
13266.01721774732	1200	46.09363921358107	0.0	587236	2290.881771786368	0.69455206	1.2
13268.237912345301	1200	47.87294461559911	0.0	590335	2220.694597981959	0.86886275	1.2
13270.786892027363	1200	49.3239649335365	0.0	696376	2548.9796820626075	0.94522953	1.2
13273.22840948856	1200	50.88244747233978	0.0	487160	2441.5174611967227	1.2139709	1.2
13277.299290939665	1200	50.8115660212363	0.0	622896	4070.8814511034802	0.97490203	1.2
13279.815718602878	1200	52.29513835802211	0.0	641447	2516.427663214191	0.5640109	1.2
13282.273568111705	1200	53.83728884919629	0.0	570392	2457.84950882582	1.1970453	1.2
13284.577650246956	1200	55.533206713944956	0.0	620283	2304.0821352513326	1.3365788	1.2
13291.868247944318	4300	52.24260901658185	0.0	2191074	7290.597697363103	1.3666952	1.1999999999999997
13297.996814862867	4300	50.1140420980329	0.0	2286761	6128.566918548951	0.28189337	4.3
13305.117014662295	4300	46.99384229860406	0.0	2307787	7120.199799428842	0.31974387	4.3
13309.86413860496	4300	46.246718355940665	0.0	2143948	4747.1239426633965	0.26549587	4.3
13313.514616634007	4300	46.59624032689234	0.0	1919781	3650.47802904832	0.13233784	4.3
13318.530426427853	4300	45.5804305330471	0.0	2147467	5015.809793845252	0.093925476	4.3
13326.636943778458	4300	41.47391318244241	0.0	2133870	8106.517350604687	0.0910828	4.3
13334.874759013794	4300	37.236097947105144	0.0	2146120	8237.815235337264	0.239238	4.3
13339.23679952566	4300	36.87405743523728	0.0	2108491	4362.040511867864	0.37349108	4.3
13344.414984194198	4300	35.6958727666999	0.0	2184571	5178.184668537391	0.22174236	4.3
13349.745252259343	4300	34.36560470155454	0.0	2121928	5330.268065145357	0.14104956	4.3
13355.879865995375	4300	32.23099096552339	0.0	2219102	6134.613736031151	0.1676473	4.3
13364.4271146905	4300	27.68374227039862	0.0	2124950	8547.248695124768	0.17510343	4.3
13372.989549729462	4300	23.121307231434788	0.0	2246506	8562.435038963833	0.33310416	4.3
13379.888930108975	4300	20.22192685192212	0.0	1961140	6899.3803795126705	0.56523305	4.3
13390.904235213146	4300	13.20662174775283	0.0	2155012	11015.305104169289	0.689842	4.3

