21225.5668442561	750	4.0	3.998697299309292	450283	3998.697299309292	0.6250051	-16.444398387029956
21226.948822849186	300	6.61802140691262	0.0	155580	1381.9785930873804	0.71612924	-0.15000000000000002
21228.388167549132	300	9.178676706968677	0.0	139857	1439.3446999439418	0.47776136	0.3
21229.677897985217	300	11.888946270885826	0.0	155432	1289.730436082851	0.5148028	0.3
21230.913314285288	300	14.65352997081187	0.0	163442	1235.416300073955	0.72062594	0.3
21231.90590175139	300	17.66094250470829	0.0	126289	992.5874661035782	0.96702313	0.3
21233.763034665117	300	19.80380959098419	0.0	153295	1857.1329137241003	0.8933126	0.3
21238.2304517998	300	19.336392456296576	0.0	173849	4467.417134687614	0.6268202	0.3
21242.001615687117	300	19.565228568982885	0.0	150710	3771.1638873136912	0.6865162	0.3
21245.11302172049	300	20.45382253560794	0.0	139105	3111.406033374943	0.42905116	0.3
21247.689574176653	300	21.877270079444056	0.0	141840	2576.5524561638845	0.35185942	0.3
21249.86391967932	300	23.702924576779598	0.0	156148	2174.34550266446	0.200807	0.3
21252.027909432967	300	25.538934823132234	0.0	160746	2163.9897536473645	0.28183055	0.3
21254.62563276732	300	26.94121148877566	0.0	179801	2597.7233343565717	0.17142339	0.3
21256.583108892675	300	28.983735363424408	0.0	140051	1957.4761253512545	0.3001319	0.3
21258.21830077744	300	31.348543478662627	0.0	138313	1635.1918847617796	0.2448663	0.3
21259.90958274191	300	33.65726151419023	0.0	143509	1691.2819644723907	0.42216545	0.3
21261.95735942162	300	35.60948483448437	0.0	150616	2047.776679705863	0.52802217	0.3
21264.112188361556	300	37.454655894546136	0.0	165384	2154.8289399382365	0.42802	0.3
21265.61851135091	300	39.94833290519583	0.0	140881	1506.3229893503087	0.5925753	0.3
21266.968449775388	300	42.598394480717566	0.0	157671	1349.9384244782602	0.6925491	0.3
21268.464114724098	300	45.1027295320037	0.0	157812	1495.6649487138643	0.92790234	0.3
21270.502708869237	300	47.064135386864585	0.0	163927	2038.594145139119	0.8890575	0.3
21271.85564591343	300	49.711198342673505	0.0	137654	1352.9370441910796	0.8038128	0.3
21273.060233001874	300	52.5066112542314	0.0	146754	1204.5870884421051	0.89064014	0.3
21274.31007157333	300	55.25677268277068	0.0	153938	1249.8385714607216	0.9320183	0.3
21275.958087858053	300	57.608756398051156	0.0	181901	1648.0162847195274	1.0092332	0.3
21277.769488558737	300	59.79735569736686	0.0	111155	1311.4007006842985	0.9766978	0.3
21280.009596213757	300	59.522972642227934	0.0	153605	1774.3830551389265	0.8319111	0.3
21282.07729679141	300	59.766984691493725	0.0	149029	1755.9879507342125	0.95769143	0.3
21284.5378277569	300	59.57257547925506	0.0	157421	1694.409212238665	0.99635607	0.3
21286.64554026656	300	59.94178014400308	0.0	157488	1630.7953352519748	1.0431312	0.3
21288.87274053448	300	59.686638563845925	0.0	143881	1755.1415801571598	1.1624042	0.3
21292.888377434094	300	59.671001664234026	0.0	163444	3015.6368996118995	1.0777985	0.3
21296.997964139737	300	59.561414958591776	0.0	179328	3609.5867056422494	0.9843196	0.3
21300.805569046337	300	59.75381005199365	0.0	159914	2807.6049065981233	0.9495213	0.3
21303.559734035483	300	59.89417118107779	0.0	131610	1859.6388709158687	1.1563694	0.3
21306.401894195234	300	59.60535418416758	0.0	124011	1288.8169969102007	1.0990597	0.3
21310.417121983668	300	59.59012639573601	0.0	144254	3015.2277884315763	1.467566	0.3
21313.28031342063	300	59.68281608604286	0.0	149991	1907.3103096931452	0.9658325	0.3
21315.859043589277	300	59.901391617855175	0.0	147968	1781.4244681876894	1.4703305	0.3
21319.003332117438	300	59.5529002134997	0.0	161857	1848.4914043554743	1.4393653	0.3
21320.642708917647	300	59.70111038980157	0.0	145210	1351.7898236981266	1.6979333	0.3
21341.95940471318	4300	42.38441459427022	0.0	2219102	21316.695795531352	1.6844757	0.2999999999999998
21357.751113552164	4300	30.592705755285817	0.0	2124950	15791.7088389844	0.031343035	4.3
21375.124410078854	4300	17.21940922859521	0.0	2246506	17373.296526690607	0.83261436	4.3
21381.208140872437	1850	15.135678435010899	0.0	830730	6083.730793584311	0.6548397	-0.6000000000000001
21390.46318769669	1850	9.880631610759723	0.0	846370	9255.046824251176	0.6545434	1.85

