529.2146744479115	750	4.0	4.3779972098671385	450283	4377.997209867139	0.21509823	-18.075388002428696
530.4729522118242	300	6.741722236087304	0.0	155580	1258.2777639126964	0.6554502	-0.15000000000000002
531.5179280451592	300	9.696746402752327	0.0	139857	1044.975833334976	0.59659743	0.3
532.7029759657856	300	12.511698482125855	0.0	155432	1185.0479206264713	0.86431164	0.3
533.9775718853767	300	15.237102562534885	0.0	163442	1274.5959195909713	0.891223	0.3
535.0278756233007	300	18.186798824610893	0.0	126289	1050.30373792399	0.9911275	0.3
536.2975549502746	300	20.917119497636964	0.0	153295	1269.6793269739317	0.87021434	0.3
537.680877560142	300	23.5337968877697	0.0	173849	1383.322609867264	0.8422015	0.3
540.6988615359109	750	24.515812912000776	0.0	374758	3017.983975768922	1.0100844	0.3
543.4099012694663	750	25.804773178445263	0.0	362795	2711.0397335555153	0.40703458	0.75
545.8980415690227	750	27.316632878888967	0.0	353220	2488.140299556297	0.5301045	0.75
548.5279050198243	750	28.686769428087366	0.0	405134	2629.8634508016003	0.6304059	0.75
551.1385298696874	750	30.07614457822429	0.0	386351	2610.624849863074	0.6563671	0.75
554.4958283213856	750	30.718846126526138	0.0	434409	3357.298451698151	0.6810763	0.75
557.0951192167353	750	32.119555231176406	0.0	337059	2599.2908953497304	0.6495935	0.75
560.7082283174012	750	32.5064461305104	0.0	366214	3613.1091006660085	0.7208619	0.75
564.1148211605879	750	33.09985328732375	0.0	360831	3406.5928431866487	0.4852088	0.75
567.3396413495012	750	33.87503309841043	0.0	372963	3224.8201889133184	0.65271914	0.75
571.2061496146484	750	34.00852483326315	0.0	405596	3866.5082651472753	0.59334147	0.75
576.1000413924639	750	33.11463305544759	0.0	350713	4893.891777815558	0.50584185	0.75
580.6934398225521	750	32.52123462535945	0.0	386472	4593.39843008815	0.4202264	0.75
584.16925282724	750	33.04542162067154	0.0	399894	3475.8130046879	0.38039654	0.75
587.4977587599718	750	33.716915687939746	0.0	401853	3328.505932731789	0.50951374	0.75
590.6853407381245	750	34.52933370978698	0.0	343800	3187.581978152766	0.53805417	0.75
593.6140935446883	750	35.60058090322325	0.0	359903	2928.75280656373	0.45548245	0.75
596.8162088879753	750	36.39846555993628	0.0	379700	3202.11534328698	0.5661336	0.75
600.4819965704964	750	36.73267787741515	0.0	425781	3665.7876825211256	0.4453271	0.75
602.8837527455883	750	38.33092170232334	0.0	277716	2401.7561750918107	0.6381779	0.75
605.9378657414512	750	39.27680870646037	0.0	400396	3054.112995862963	0.73609066	0.75
608.8279994549499	750	40.386674992961744	0.0	400508	2890.1337134986297	0.77885914	0.75
611.8990931402996	750	41.3155813076121	0.0	358218	3071.0936853496496	0.9186107	0.75
615.438678773321	750	41.77599567459055	0.0	400322	3539.5856330215556	0.853171	0.75
619.3107085580142	750	41.90396588989742	0.0	369834	3872.029784693121	0.8404302	0.75
622.225652529392	750	42.9890219185196	0.0	412837	2914.9439713778283	0.8015022	0.75
625.071692489207	750	44.14298195870478	0.0	401088	2846.0399598148156	0.98662233	0.75
627.9415343550604	750	45.273140092851285	0.0	365161	2869.8418658534906	1.084067	0.75
630.7613452100163	750	46.45332923789533	0.0	321064	2819.8108549559515	1.2461672	0.75
634.2991254218105	750	46.91554902610128	0.0	361565	3537.7802117940496	1.1375339	0.75
637.9170221745861	750	47.29765227332563	0.0	378327	3617.89675277565	1.0864611	0.75
644.1346849195774	1200	45.0799895283344	0.0	587506	6217.662744991234	1.1660743	0.75
649.6076612460353	1200	43.60701320187643	0.0	566904	5472.976326457976	0.84123343	1.2
656.2615649633983	1200	40.95310948451337	0.0	641452	6653.903717363055	0.76914173	1.2
661.8498927538881	1200	39.36478169402366	0.0	599477	5588.327790489713	0.8673481	1.2
667.2823906666804	1200	37.93228378123124	0.0	634861	5432.497912792415	0.7919454	1.2
672.7693743553617	1200	36.44530009254995	0.0	630203	5486.983688681296	0.8923341	1.2
678.6029558227493	1200	34.611718625162354	0.0	638661	5833.581467387592	0.88637614	1.2
684.3605440902827	1200	32.85413035762891	0.0	538612	5757.588267533444	1.0991603	1.2
693.586521961424	1200	27.62815248648774	0.0	550906	9225.977871141175	1.0626467	1.2

