14918.621321630271	750	4.0	4.751626329382562	450283	4751.626329382562	0.78488225	-19.681993216345017
14920.265776546972	300	6.35554508329921	0.0	155580	1644.4549167007901	0.5765258	-0.15000000000000002
14921.700636579548	300	8.920685050724277	0.0	139857	1434.860032574934	0.29167822	0.3
14923.147591331539	300	11.473730298731356	0.0	155432	1446.95475199292	0.43073404	0.3
14924.579922589097	300	14.041399041173666	0.0	163442	1432.3312575576906	0.51558864	0.3
14925.62613890401	300	16.995182726259273	0.0	126289	1046.2163149143898	0.7516523	0.3
14926.569471555575	300	20.051850074695853	0.0	153295	943.3326515634232	0.7726922	0.3
14930.092715946925	750	20.528605683345777	0.0	437162	3523.244391350075	1.0124007	0.3
14933.87023489447	750	20.75108673579942	0.0	374758	3777.5189475463603	0.35802186	0.75
14938.87959941892	750	19.741722211349803	0.0	362795	5009.364524449615	0.2714094	0.75
14943.71973368649	750	18.90158794377943	0.0	353220	4840.1342675703745	0.25300443	0.75
14947.053291569513	750	19.56803006075719	0.0	405134	3333.5578830222353	0.33607754	0.75
14949.46439528983	750	21.15692634044082	0.0	386351	2411.1037203163733	0.25349534	0.75
14954.114881933658	750	20.506439696612585	0.0	434409	4650.4866438282315	0.39413476	0.75
14957.694042709181	750	20.92727892108905	0.0	337059	3579.160775523534	0.33215034	0.75
14961.16572766431	750	21.45559396595944	0.0	366214	3471.68495512961	0.24643771	0.75
14964.43986532304	750	22.181456307229798	0.0	360831	3274.137658729644	0.1741979	0.75
14968.12390257335	750	22.49741905691975	0.0	372963	3684.0372503100475	0.32744515	0.75
14972.14319953431	750	22.478122095960398	0.0	405596	4019.296960959352	0.26109296	0.75
14975.770185366708	750	22.85113626356438	0.0	350713	3626.9858323960157	0.2573554	0.75
14979.0742328392	750	23.547088791070042	0.0	386472	3304.047472494342	0.3359427	0.75
14982.455869956728	750	24.165451673543423	0.0	399894	3381.6371175266163	0.29042977	0.75
14985.826536059189	750	24.794785571084688	0.0	401853	3370.666102458734	0.31874073	0.75
14988.713577489983	750	25.90774414028887	0.0	343800	2887.041430795821	0.4104678	0.75
14992.311386012465	750	26.309935617808005	0.0	359903	3597.8085224808624	0.39897996	0.75
14995.728812646712	750	26.892508983560695	0.0	379700	3417.426634247309	0.37921315	0.75
15000.233107544276	750	26.388214085995358	0.0	425781	4504.29489756534	0.3608032	0.75
15006.780871601059	750	23.84045002921312	0.0	277716	6547.764056782236	0.47349438	0.75
15018.242101853542	750	16.379219776730167	0.0	400396	11461.230252482954	0.4748677	0.75
15021.080570872684	300	17.540750757588746	0.0	149029	2838.469019141419	0.8004112	-0.15000000000000002
15022.823668028144	300	19.79765360212771	0.0	157421	1743.0971554610362	0.4636721	0.3
15024.790416647093	300	21.830904983178122	0.0	157488	1966.7486189495864	0.7274091	0.3
15027.095496331682	300	23.525825298588483	0.0	143881	2305.079684589641	0.5678162	0.3
15030.051915750337	300	24.569405879934155	0.0	163444	2956.419418654327	0.3437534	0.3
15033.88783510307	300	24.73348652719987	0.0	179328	3835.919352734288	0.31222922	0.3
15036.752064488115	300	25.869257142155853	0.0	159914	2864.229385044016	0.348267	0.3
15038.586183103525	300	28.035138526745357	0.0	131610	1834.1186154104971	0.723252	0.3
15040.187676769596	300	30.433644860676445	0.0	124011	1601.4936660689098	0.6717645	0.3
15041.915941707457	300	32.705379922815375	0.0	144254	1728.2649378610695	0.9167664	0.3
15043.752200851308	300	34.86912077896409	0.0	149991	1836.2591438512834	1.1199155	0.3
15046.54708750974	300	36.07423412053172	0.0	147968	2794.886658432372	1.2059455	0.3
15049.934184607393	300	36.68713702287943	0.0	161857	3387.097097652287	0.91090083	0.3
15052.848036239217	300	37.77328539105644	0.0	145210	2913.8516318229963	1.1542001	0.3
15055.374906726762	300	39.246414903510356	0.0	172312	2526.8704875460803	1.0510087	0.3
15056.841147012094	300	41.78017461817893	0.0	167025	1466.2402853314222	1.3829508	0.3
15065.201015517356	1850	37.42030611291655	0.0	982064	8359.868505262384	1.6665415	0.30000000000000004
15073.472817584556	1850	33.14850404571687	0.0	830730	8271.802067199676	0.6040664	1.85
15080.805135909977	1850	29.81618572029616	0.0	846370	7332.3183254207115	0.33752263	1.85

