6817.77129897235	750	4.0	2.342534869962582	450283	2342.534869962582	0.60334563	-9.322899940839102
6820.849649259924	750	4.9216497124265635	0.0	398865	3078.3502875734366	0.58232933	0.75
6822.46449988005	750	7.306799092300231	0.0	350812	1614.8506201263315	0.5165731	0.75
6823.923248860871	750	9.848050111478656	0.0	382355	1458.7489808215746	0.7720763	0.75
6825.395832202931	750	12.37546676941903	0.0	411561	1472.5833420596282	0.9203042	0.75
6826.516541220894	750	15.25475775145551	0.0	318564	1120.7090179635177	1.0972364	0.75
6828.365061468344	1200	17.40623750400549	0.0	561791	1848.5202474500225	1.0552548	0.75
6830.537400956299	1200	19.233898016050116	0.0	709534	2172.339487955376	0.3140756	1.2
6832.446168407592	1200	21.325130564757053	0.0	584846	1908.7674512930637	0.5069877	1.2
6834.291529107195	1200	23.47976986515401	0.0	560821	1845.360699603038	0.61684537	1.2
6836.514740894622	1200	25.256558077727618	0.0	607410	2223.2117874263918	0.7511625	1.2
6838.847232119891	1200	26.92406685245891	0.0	594078	2332.49122526871	0.611942	1.2
6842.839339541782	1200	26.931959430568245	0.0	624282	3992.1074218906647	0.62851524	1.2
6845.54423471907	1200	28.227064253280282	0.0	687371	2704.8951772879614	0.24662283	1.2
6847.58608983264	1200	30.18520913970924	0.0	526950	2041.8551135710409	0.63259685	1.2
6849.5652227933815	1200	32.20607617896793	0.0	587876	1979.132960741311	0.63871086	1.2
6851.59828378412	1200	34.173015188229506	0.0	617242	2033.060990738431	0.78266644	1.2
6853.430501437695	1200	36.34079753465489	0.0	581493	1832.2176535746135	0.779037	1.2
6855.480855322177	1200	38.29044365017188	0.0	639204	2050.3538844830136	0.84246457	1.2
6857.335651637072	1200	40.435647335276336	0.0	586839	1854.7963148955475	0.9278679	1.2
6859.255983041385	1200	42.51531593096372	0.0	601738	1920.3314043126063	1.0091617	1.2
6861.172526898257	1200	44.59877207409132	0.0	616206	1916.5438568724041	1.0888588	1.2
6863.409404805021	1200	46.36189416732728	0.0	656471	2236.877906764039	1.1712635	1.2
6865.480402819353	1200	48.29089615299554	0.0	536667	2070.9980143317352	1.2523695	1.2
6868.447404294268	1200	49.32389467808001	0.0	587236	2967.0014749155275	1.2639269	1.2
6871.200916451439	1200	50.5703825209089	0.0	590335	2753.5121571711165	1.04404	1.2
6874.257617547219	1200	51.513681425129064	0.0	696376	3056.701095779833	1.0173981	1.2
6876.061557781375	1200	53.709741190972395	0.0	487160	1803.9402341566652	1.2472601	1.2
6878.5785612203035	1200	55.19273775204463	0.0	622896	2517.0034389277675	1.3808776	1.2
6880.987374292373	1200	56.78392467997529	0.0	641447	2408.813072069336	1.3534684	1.2
6882.964595184124	1200	58.8067037882238	0.0	570392	1977.2208917514947	1.4101174	1.2
6893.993954107441	4300	51.77734486490714	0.0	2147852	11029.358923316657	1.2923795	1.1999999999999997
6905.561620599805	4300	44.20967837254405	0.0	2191074	11567.666492363096	0.25658387	4.3
6920.099645499955	4300	33.67165347239314	0.0	2286761	14538.02490015091	0.6097717	4.3
6931.385138565411	2850	26.386160406937275	0.0	1492672	11285.493065455863	0.9322887	1.4000000000000001
6944.163125826581	2850	17.608173145767825	0.0	1439896	12777.987261169452	0.84152913	2.85
6950.041162281133	1200	15.73013669121504	0.0	487812	5878.036454552784	1.206589	-0.44999999999999996
6961.65739483858	1200	8.113904133768605	0.0	575591	11616.232557446436	0.49949023	1.2
6968.862023086052	750	4.909275886295904	0.0	378327	7204.6282474727	1.041745	0.3
6970.628952325446	300	7.1423466469018395	0.0	149991	1766.9292393940652	0.4385286	-0.15000000000000002
6971.737970485367	300	10.03332848698015	0.0	147968	1109.0181599216896	0.5878691	0.3
6973.0525737496455	300	12.718725222701885	0.0	161857	1314.6032642782654	1.2021619	0.3
6976.539193166911	1200	13.232105805436868	0.0	599477	3486.619417265017	1.4792031	0.29999999999999993
6980.9129719046905	1200	12.8583270676576	0.0	634861	4373.778737779269	0.7013115	1.2
6984.614490348385	1200	13.156808623963073	0.0	630203	3701.518443694525	0.6998936	1.2
6988.690593252731	1200	13.080705719617098	0.0	638661	4076.102904345975	0.7182828	1.2
6994.661542453327	1850	11.109756519021776	0.0	830730	5970.949200595324	0.9393424	1.2000000000000002
7000.736610908165	1850	9.034688064183712	0.0	846370	6075.068454838062	0.57160777	1.85

