9323.466369595151	750	4.0	3.13772266060829	450283	3137.72266060829	0.5319443	-12.742207440615646
9325.621613076197	750	5.844756518954331	0.0	398865	2155.2434810456693	0.6493846	0.75
9327.005967924819	750	8.460401670332143	0.0	350812	1384.354848622188	0.610306	0.75
9328.278216292378	750	11.188153302772283	0.0	382355	1272.2483675598598	0.9642064	0.75
9329.498829081058	750	13.967540514091253	0.0	411561	1220.6127886810302	1.081806	0.75
9330.599242927297	1200	16.867126667852126	0.0	520315	1100.4138462391272	1.2397478	0.75
9332.067522926409	1200	19.3988466687404	0.0	561791	1468.279999111729	0.8894691	1.2
9334.03301978907	1200	21.433349806080226	0.0	709534	1965.4968626601733	0.67016035	1.2
9335.677071665335	1200	23.78929792981522	0.0	584846	1644.0518762650067	0.89321876	1.2
9338.484767244123	1200	24.981602351027995	0.0	560821	2807.695578787225	0.91262615	1.2
9342.188673307117	1200	25.277696288033226	0.0	607410	3703.9060629947694	0.6549578	1.2
9346.978916443792	1200	24.48745315135986	0.0	594078	4790.243136673366	0.42422727	1.2
9354.9138917954	1200	20.552477799750914	0.0	624282	7934.975351608944	0.19945776	1.2
9360.443626389702	1200	19.02274320544951	0.0	687371	5529.734594301409	0.1419304	1.2
9362.401528748564	1200	21.064840846588037	0.0	526950	1957.9023588614682	0.16042762	1.2
9364.611466771572	1200	22.854902823579838	0.0	587876	2209.9380230082006	0.513886	1.2
9366.524082139864	1200	24.942287455287687	0.0	617242	1912.6153682921536	0.521749	1.2
9368.428913042064	1200	27.03745655308708	0.0	581493	1904.8309022006083	0.46771616	1.2
9370.574144625496	1200	28.892224969655256	0.0	639204	2145.231583431821	0.39779428	1.2
9372.464519594343	1200	31.00185000080856	0.0	586839	1890.3749688466944	0.56912124	1.2
9374.639486942235	1200	32.82688265291607	0.0	601738	2174.9673478924924	0.7322948	1.2
9376.930646008599	1200	34.535723586551335	0.0	616206	2291.1590663647344	0.8128699	1.2
9378.941826291923	1200	36.52454330322898	0.0	656471	2011.180283322354	0.868467	1.2
9380.371881598949	1200	39.09448799620179	0.0	536667	1430.055307027188	1.1090988	1.2
9382.10210235099	1200	41.36426724416144	0.0	587236	1730.2207520403522	1.2831904	1.2
9384.356092284812	1200	43.11027731033853	0.0	590335	2253.989933822911	1.3048848	1.2
9386.877372994213	1200	44.588996600936845	0.0	696376	2521.280709401691	1.1239691	1.2
9388.838410260882	1200	46.627959334267494	0.0	487160	1961.0372666693488	1.2833998	1.2
9391.153548484832	1200	48.31282111031796	0.0	622896	2315.1382239495256	1.2315055	1.2
9393.244535667685	1200	50.22183392746398	0.0	641447	2090.9871828539835	1.2735636	1.2
9398.311045517616	4300	49.15532407753406	0.0	2113193	5066.509849929921	1.368448	1.1999999999999997
9403.988653178694	4300	47.477716416455415	0.0	2147852	5677.607661078648	0.20331316	4.3
9410.092930945711	4300	45.37343864943881	0.0	2191074	6104.277767016602	0.23051319	4.3
9416.310171085886	4300	43.156198509263035	0.0	2286761	6217.240140175773	0.301952	4.3
9421.590128471607	4300	41.87624112354273	0.0	2307787	5279.95738572031	0.32767168	4.3
9427.070645584194	4300	40.39572401095664	0.0	2143948	5480.517112586088	0.1784237	4.3
9432.006667574711	4300	39.45970202043978	0.0	1919781	4936.021990516861	0.14274493	4.3
9438.509991311179	4300	36.95637828397164	0.0	2147467	6503.323736468141	0.23810248	4.3
9444.424611397746	4300	35.041758197404796	0.0	2133870	5914.620086566846	0.3417265	4.3
9454.816292093605	4300	28.65007750154721	0.0	2146120	10391.680695857585	0.38663048	4.3
9461.606403376112	4300	25.85996621904071	0.0	2108491	6790.111282506501	0.6200374	4.3
9467.997554831385	4300	23.468814763766808	0.0	2184571	6391.1514552739045	0.6799223	4.3
9475.036243367602	4300	20.430126227550534	0.0	2121928	7038.688536216273	0.6099564	4.3
9483.207730222175	4300	16.258639372977303	0.0	2219102	8171.486854573233	0.7991845	4.3
9488.247043344829	2850	15.219326250323178	0.0	1464921	5039.3131226541245	1.0043838	1.4000000000000001
9492.090958592154	2850	15.37541100299747	0.0	1483527	3843.9152473257077	0.43894863	2.85
9496.688164846795	2850	14.778204748355998	0.0	1231456	4597.206254641473	0.4420744	2.85
9502.807618330384	2850	12.658751264766794	0.0	1364537	6119.4534835892055	0.39381254	2.85

