10743.47261158215	750	4.0	6.240793125191714	450283	6240.793125191714	0.46868992	-26.08541043832437
10746.080825114544	300	5.39178646760646	0.0	155580	2608.2135323935404	0.30739903	-0.15000000000000002
10748.609004405549	300	6.863607176602174	0.0	139857	2528.179291004286	0.07516844	0.3
10750.894461361959	300	8.578150220191981	0.0	155432	2285.456956410193	0.070058696	0.3
10754.40728228178	300	9.065329300370701	0.0	163442	3512.820919821281	0.1304873	0.3
10756.768569881542	300	10.704041700610226	0.0	126289	2361.2875997604747	0.1164686	0.3
10759.315635448556	300	12.156976133596313	0.0	153295	2547.065567013914	0.09768683	0.3
10762.253659646869	300	13.218951935283304	0.0	173849	2938.024198313009	0.07532002	0.3
10765.341508591915	300	14.131102990237448	0.0	150710	3087.848945045855	0.10736201	0.3
10768.309909407137	300	15.162702175014754	0.0	139105	2968.400815222695	0.08676178	0.3
10771.110296314788	300	16.362315267365	0.0	141840	2800.3869076497554	0.09165164	0.3
10773.933357654561	300	17.539253927590405	0.0	156148	2823.0613397745915	0.06740312	0.3
10776.992058111651	300	18.480553470501146	0.0	160746	3058.7004570892605	0.1014985	0.3
10781.060356357062	300	18.412255225090572	0.0	179801	4068.2982454105727	0.074506976	0.3
10784.237919820556	300	19.234691761596945	0.0	140051	3177.563463493625	0.1273021	0.3
10786.832326517377	300	20.6402850647763	0.0	138313	2594.4066968206475	0.07643927	0.3
10789.165429519924	300	22.30718206222974	0.0	143509	2333.1030025465607	0.09974392	0.3
10791.378609695801	300	24.094001886351908	0.0	150616	2213.1801758778292	0.1312648	0.3
10793.832029124871	300	25.640582457281866	0.0	165384	2453.419429070041	0.14557338	0.3
10796.175913093166	300	27.296698488985843	0.0	140881	2343.8839682960256	0.22757375	0.3
10798.968052777082	300	28.50455880507028	0.0	157671	2792.139683915566	0.19850019	0.3
10801.21807483001	300	30.254536752140773	0.0	157812	2250.022052929507	0.22469746	0.3
10803.520741406386	300	31.951870175764178	0.0	163927	2302.6665763765927	0.29081294	0.3
10805.630005549125	300	33.84260603302477	0.0	137654	2109.264142739405	0.43203166	0.3
10807.456830101937	300	36.015781480212475	0.0	146754	1826.8245528122943	0.3890631	0.3
10809.450680121587	300	38.02193146056379	0.0	153938	1993.8500196486864	0.4659777	0.3
10812.306264835097	300	39.16634674705273	0.0	181901	2855.5847135110685	0.48533365	0.3
10814.388259313742	300	41.084352268407926	0.0	111155	2081.9944786447986	0.65894186	0.3
10817.096573454675	300	42.37603812747371	0.0	153605	2708.3141409342115	0.33040828	0.3
10819.200755035075	300	44.27185654707436	0.0	149029	2104.1815803993622	0.385311	0.3
10820.774604940802	300	46.69800664134972	0.0	157421	1573.849905724638	0.6375772	0.3
10822.41264127628	300	49.059970305872625	0.0	157488	1638.0363354770939	0.9319438	0.3
10823.653577931223	300	51.819033650929285	0.0	143881	1240.9366549433382	1.0469427	0.3
10824.914805169592	300	54.557806412560595	0.0	163444	1261.2272383686861	1.2196625	0.3
10826.58417563559	300	56.88843594656295	0.0	179328	1669.3704659976436	1.3539572	0.3
10828.207006847892	300	59.26560473425985	0.0	159914	1622.831212303096	1.321626	0.3
10830.745905398526	300	59.78374974500877	0.0	131610	1481.854989251087	1.4869742	0.3
10832.689621340898	300	59.585413521113644	0.0	124011	1698.33622389512	1.3654118	0.3
10834.695685531497	300	59.600071227853284	0.0	144254	1985.3422932603664	1.3857504	0.3
10838.32624832437	300	59.96950843498097	0.0	149991	3630.5627928723006	1.4524031	0.3
10842.455879340401	300	59.83987741894951	0.0	147968	3129.6310160314574	1.3449308	0.3
10845.94222785985	300	59.81216106484503	0.0	161857	2527.716354104488	1.4086099	0.3
10849.819923862005	300	59.93446506269199	0.0	145210	3377.696002153037	1.5951906	0.3
10854.767064400437	300	58.98732452425871	0.0	172312	4947.140538433285	1.2896457	0.3
10860.493400420297	300	57.26098850440081	0.0	167025	5726.336019857904	1.3572304	0.3
10865.542586240088	300	56.21180268461004	0.0	160064	5049.185819790767	1.2373204	0.3
10868.898337519178	300	56.85605140552109	0.0	137507	3355.7512790889423	1.5597632	0.3
10893.17795440233	1850	36.57643452237048	0.0	846370	24279.616883150622	1.5675539	0.30000000000000004

