12331.741102953694	750	4.0	4.838144007766586	450283	4838.144007766587	0.79282725	-20.05401923339632
12333.331942279901	300	6.409160673793575	0.0	155580	1590.8393262064255	0.55778366	-0.15000000000000002
12334.535296538397	300	9.205806415296815	0.0	139857	1203.3542584967608	0.318057	0.3
12335.791754890508	300	11.949348063187209	0.0	155432	1256.4583521096054	0.60814524	0.3
12337.114894193754	300	14.626208759941129	0.0	163442	1323.1393032460794	0.70156336	0.3
12338.211610794093	300	17.529492159601176	0.0	126289	1096.7166003399511	0.8927274	0.3
12339.52349406287	300	20.21760889082371	0.0	153295	1311.8832687774704	0.79485714	0.3
12340.876098089291	300	22.86500486440299	0.0	173849	1352.6040264207143	0.7894404	0.3
12343.58493090408	750	24.156172049612547	0.0	374758	2708.8328147904476	0.99008936	0.3
12346.943782027012	750	24.797320926681387	0.0	362795	3358.8511229311607	0.44227165	0.75
12349.395335746256	750	26.345767207435753	0.0	353220	2451.5537192456313	0.3399153	0.75
12351.957183639788	750	27.78391931390354	0.0	405134	2561.8478935322164	0.61884075	0.75
12355.345649786916	750	28.395453166777568	0.0	386351	3388.4661471259724	0.6478797	0.75
12358.521616879832	750	29.219486073860818	0.0	434409	3175.967092916748	0.4518323	0.75
12360.36029816563	750	31.380804788063926	0.0	337059	1838.6812857968912	0.64122105	0.75
12362.165110143973	750	33.57599280972008	0.0	366214	1804.8119783438528	0.8431026	0.75
12364.101188374785	750	35.63991457890706	0.0	360831	1936.0782308130172	0.8900747	0.75
12366.483013250647	1200	37.258089703046146	0.0	581493	2381.8248758609147	0.9320543	0.75
12369.27691827949	1200	38.464184674204525	0.0	639204	2793.9050288416274	0.37678605	1.2
12371.727202068309	1200	40.01390088538579	0.0	586839	2450.2837888187332	0.4437869	1.2
12374.546371470486	1200	41.19473148320949	0.0	601738	2819.169402176301	0.5496663	1.2
12377.400730918116	1200	42.34037203557811	0.0	616206	2854.359447631377	0.5275911	1.2
12380.474689772609	1200	43.26641318108539	0.0	656471	3073.958854492722	0.5707395	1.2
12382.387520965043	1200	45.35358198865114	0.0	536667	1912.831192434238	0.6388292	1.2
12384.503989825254	1200	47.23711312844104	0.0	587236	2116.468860210105	1.0068333	1.2
12386.644817171922	1200	49.09628578177352	0.0	590335	2140.8273466675146	1.066225	1.2
12389.538469241876	1200	50.20263371181972	0.0	696376	2893.6520699538028	1.0663538	1.2
12391.98476676325	1200	51.756336190447115	0.0	487160	2446.2975213726027	1.1383879	1.2
12398.2492062771	1200	49.49189667659707	0.0	622896	6264.439513850048	1.0571408	1.2
12402.342489484945	1200	49.39861346875263	0.0	641447	4093.2832078444435	0.34512794	1.2
12405.783951579462	1200	49.957151374234805	0.0	570392	3441.462094517825	0.6837739	1.2
12411.127223376589	1200	48.613879577109415	0.0	620283	5343.271797125387	0.80142707	1.2
12415.276269945802	1200	48.46483300789522	0.0	584349	4149.046569214197	0.6016538	1.2
12418.665351280493	1200	49.07575167320326	0.0	670129	3389.0813346919604	0.63142806	1.2
12422.11110563171	1200	49.62999732198759	0.0	690253	3445.75435121567	0.890123	1.2
12426.636239471392	1200	49.104863482303216	0.0	598727	4525.133839684373	0.93590075	1.2
12432.006746535411	1200	47.7343564182851	0.0	487812	5370.507064018116	1.0404097	1.2
12433.334811970304	1200	50.406290983391685	0.0	575591	1328.0654348934177	0.6347563	1.2
12437.753989884308	4300	49.98711306938857	0.0	2133870	4419.177914003114	0.98376733	1.1999999999999997
12441.783899716047	4300	49.95720323764837	0.0	2146120	4029.9098317401995	0.08998741	4.3
12446.238538760204	4300	49.50256419349159	0.0	2108491	4454.639044156788	0.04267659	4.3
12451.69006070879	4300	48.051042244906036	0.0	2184571	5451.521948585546	0.03621757	4.3
12455.809152813528	4300	47.93195014016732	0.0	2121928	4119.092104738719	0.031577975	4.3
12461.371061820508	4300	46.370041133187975	0.0	2219102	5561.909006979347	0.030389015	4.3
12469.961419204688	4300	41.77968374900654	0.0	2124950	8590.357384181436	0.031535245	4.3
12479.843289123728	4300	35.89781382996577	0.0	2246506	9881.869919040764	0.048128802	4.3
12490.188110581912	4300	29.552992371783294	0.0	1961140	10344.82145818248	0.09255902	4.3
12500.020350624938	4300	23.72075232875753	0.0	2155012	9832.24004302576	0.2771924	4.3

