17343.28087159908	750	4.0	2.1451274043719923	450283	2145.1274043719923	1.0664933	-8.474047838799567
17345.300348672	750	5.9805229270739275	0.0	398865	2019.477072926073	0.64793	0.75
17350.620876506408	750	4.65999509266922	0.0	350812	5320.527834404707	0.6970881	0.75
17355.011076474162	750	4.2697951249126485	0.0	382355	4390.199967756572	0.55504405	0.75
17358.428875134967	750	4.851996464110622	0.0	411561	3417.798660802027	0.45156598	0.75
17360.900803979814	750	6.380067619263001	0.0	318564	2471.9288448476204	0.3643219	0.75
17364.390338878024	750	6.890532721053507	0.0	352642	3489.534898209495	0.29706573	0.75
17368.044264087588	750	7.236607511489998	0.0	437162	3653.925209563509	0.38078043	0.75
17371.253977512428	750	8.026894086651389	0.0	374758	3209.713424838609	0.41076112	0.75
17374.210696609083	750	9.070174989995014	0.0	362795	2956.7190966563753	0.23345912	0.75
17378.133353611433	750	9.147517987645928	0.0	353220	3922.6570023490854	0.20148662	0.75
17381.51962409626	750	9.761247502816376	0.0	405134	3386.270484829552	0.3624249	0.75
17386.533710528947	750	8.747161070133494	0.0	386351	5014.086432682881	0.24750534	0.75
17391.093644331282	750	8.187227267797132	0.0	434409	4559.933802336362	0.4440807	0.75
17394.02073603705	750	9.260135562028147	0.0	337059	2927.091705768985	0.3703951	0.75
17396.804915221037	750	10.47595637804412	0.0	366214	2784.1791839840253	0.26512665	0.75
17399.604234049184	750	11.676637549897439	0.0	360831	2799.3188281466814	0.21625668	0.75
17402.50558024369	750	12.775291355387177	0.0	372963	2901.3461945102636	0.30843836	0.75
17405.730731573603	750	13.550140025475551	0.0	405596	3225.1513299116245	0.25153697	0.75
17408.611634048088	750	14.669237550989571	0.0	350713	2880.9024744859807	0.2744835	0.75
17411.748286597584	750	15.5325850014951	0.0	386472	3136.652549494472	0.33498976	0.75
17415.039838759538	750	16.24103283954176	0.0	399894	3291.552161953339	0.33796743	0.75
17418.255671161995	750	17.025200437083765	0.0	401853	3215.832402457996	0.36735672	0.75
17421.093316160895	750	18.187555438182127	0.0	343800	2837.6449989016373	0.52505076	0.75
17424.030997489837	750	19.249874109240455	0.0	359903	2937.6813289416714	0.38997692	0.75
17428.12054290498	750	19.16032869409496	0.0	379700	4089.545415145496	0.45723325	0.75
17432.468471348817	750	18.81240025025545	0.0	425781	4347.9284438395125	0.28088087	0.75
17435.029649897173	750	20.25122170189966	0.0	277716	2561.1785483557924	0.58983135	0.75
17437.55913740224	750	21.721734196830905	0.0	400396	2529.4875050687538	0.4433747	0.75
17440.332051749054	750	22.948819850015884	0.0	400508	2772.9143468150232	0.6432757	0.75
17443.07302458514	750	24.207847013926802	0.0	358218	2740.97283608908	0.71156716	0.75
17445.994715130917	750	25.286156468150363	0.0	400322	2921.690545776441	0.633839	0.75
17448.76878020794	750	26.51209139112349	0.0	369834	2774.065077026873	0.6528008	0.75
17452.203869775476	750	27.077001823588056	0.0	412837	3435.0895675354336	0.74771255	0.75
17455.163507523634	750	28.117364075433585	0.0	401088	2959.6377481544705	0.6839974	0.75
17458.295876820812	750	28.984994778258304	0.0	365161	3132.3692971752844	0.89164495	0.75
17461.17166295145	750	30.109208647621266	0.0	321064	2875.7861306370382	1.0077778	0.75
17464.13303129149	750	31.147840307577443	0.0	361565	2961.368340043821	0.912359	0.75
17468.024846154924	750	31.256025444144107	0.0	378327	3891.8148634333375	0.96082187	0.75
17473.07749891665	750	30.20337268241983	0.0	390680	5052.652761724278	0.8606907	0.75
17477.19613699003	750	30.084734609040638	0.0	345516	4118.638073379188	0.8183154	0.75
17481.47036156916	750	29.810510029908574	0.0	384505	4274.224579132062	0.8023371	0.75
17485.09415826841	750	30.186713330661107	0.0	372093	3623.796699247469	0.8812286	0.75
17489.78272149819	750	29.49815010088095	0.0	438281	4688.563229780155	0.9578063	0.75
17494.70198031923	750	28.578891279840004	0.0	398987	4919.258821040943	0.8552646	0.75
17500.139326425364	750	27.141545173709954	0.0	393804	5437.346106130052	0.75476485	0.75
17505.175858147115	750	26.105013451959145	0.0	331053	5036.53172175081	1.0324178	0.75
17514.286882471348	750	20.993989127724745	0.0	314107	9111.024324234399	0.74862695	0.75

