9505.667432979773	750	4.0	2.8598146493896546	450283	2859.8146493896547	0.81371224	-11.547202992375514
9507.54613169203	750	6.121301287744215	0.0	398865	1878.6987122557848	0.5862993	0.75
9509.109920526485	750	8.55751245328761	0.0	350812	1563.788834456606	0.7310387	0.75
9511.261359159722	750	10.406073820053155	0.0	382355	2151.438633234453	0.83753324	0.75
9513.239349646296	750	12.428083333477735	0.0	411561	1977.9904865754206	0.66343844	0.75
9515.542567378025	1200	14.124865601748242	0.0	520315	2303.217731729491	0.88730586	0.75
9517.435005723717	1200	16.232427256056745	0.0	561791	1892.4383456914989	0.2144382	1.2
9519.851974913532	1200	17.815458066241618	0.0	709534	2416.969189815127	0.26992247	1.2
9521.835422160626	1200	19.832010819147456	0.0	584846	1983.4472470941641	0.42506728	1.2
9524.28985958031	1200	21.377573399462598	0.0	560821	2454.437419684859	0.5795345	1.2
9527.529353218793	1200	22.13807976097797	0.0	607410	3239.493638484629	0.4385151	1.2
9530.16517481409	1200	23.502258165682374	0.0	594078	2635.821595295594	0.27643088	1.2
9533.266274966469	1200	24.4011580133043	0.0	624282	3101.100152378076	0.36049157	1.2
9537.524258930931	1200	24.14317404884156	0.0	687371	4257.98396446274	0.28084782	1.2
9540.030946001572	1200	25.636486978199528	0.0	526950	2506.6870706420314	0.27606118	1.2
9543.77233430842	1200	25.895098671352745	0.0	587876	3741.388306846785	0.36882377	1.2
9547.18728318364	1200	26.480149796131116	0.0	617242	3414.948875221632	0.2538952	1.2
9550.21242081132	1200	27.455012168452978	0.0	581493	3025.137627678137	0.23512936	1.2
9552.489088922619	1200	29.1783440571534	0.0	639204	2276.6681112995775	0.2368443	1.2
9555.10440337694	1200	30.563029602833545	0.0	586839	2615.3144543198564	0.53247154	1.2
9557.824354359258	1200	31.843078620515076	0.0	601738	2719.9509823184676	0.3946089	1.2
9560.553875976453	1200	33.11355700332109	0.0	616206	2729.521617193986	0.42791677	1.2
9563.378795536793	1200	34.28863744298075	0.0	656471	2824.919560340345	0.4105405	1.2
9567.422034832194	1200	34.24539814757931	0.0	536667	4043.239295401437	0.57166684	1.2
9569.74855772034	1200	35.91887525943243	0.0	587236	2326.522888146879	0.3214256	1.2
9572.50303666624	1200	37.16439631353462	0.0	590335	2754.478945897814	0.6441596	1.2
9575.268607203148	1200	38.39882577662573	0.0	696376	2765.5705369088923	0.5469227	1.2
9577.469697330553	1200	40.19773564922097	0.0	487160	2201.090127404763	0.9375529	1.2
9580.026352887462	1200	41.641080092311604	0.0	622896	2556.655556909363	0.69256496	1.2
9582.603347737435	1200	43.06408524233933	0.0	641447	2576.9948499722723	0.7898581	1.2
9584.88784883549	1200	44.77958414428629	0.0	570392	2284.501098053041	0.91884744	1.2
9587.196186196039	1200	46.47124678373565	0.0	620283	2308.3373605506363	1.0851512	1.2
9589.077024571336	1200	48.5904084084383	0.0	584349	1880.8383752973562	1.3041501	1.2
9592.169152295157	1200	49.498280684616304	0.0	670129	3092.1277238219895	1.3585024	1.2
9594.891411786495	1200	50.77602119327819	0.0	690253	2722.2594913381176	1.2991586	1.2
9603.440438763737	4300	46.22699421603474	0.0	2143948	8549.026977243446	1.337925	1.1999999999999997
9610.76551300947	4300	42.9019199703031	0.0	1919781	7325.074245731645	0.14331858	4.3
9620.25557459289	4300	37.41185838688208	0.0	2147467	9490.061583421017	0.26517907	4.3
9628.392169331793	4300	33.275263647980466	0.0	2133870	8136.594738901611	0.27422687	4.3
9636.462413801411	4300	29.20501917836199	0.0	2146120	8070.244469618477	0.4759859	4.3
9645.834942423347	4300	23.832490556425952	0.0	2108491	9372.528621936033	0.6972948	4.3
9654.085622782777	2850	19.581810196995338	0.0	1527299	8250.680359430615	0.9408973	1.4000000000000001
9661.790179378475	2850	15.877253601299968	0.0	1343002	7704.556595695371	0.4764771	2.85
9678.391212227343	2850	4.0	0.723779247569315	1587250	16601.032848869283	0.8921591	-0.26225076454805407
9680.148605338205	750	6.2426068891375355	0.0	398987	1757.3931108624645	0.9873873	-1.35
9682.085638464563	750	8.30557376278032	0.0	393804	1937.0331263572166	0.9052135	0.75
9685.743902088203	1850	8.647310139140762	0.0	830730	3658.263623639558	1.1861157	0.75
9688.650252071371	1850	9.740960155972346	0.0	846370	2906.3499831684176	0.48720133	1.85

