5077.290143209649	750	4.0	2.009934342455404	450283	2009.9343424554038	0.025473265	-7.892717672558236
5080.018386962298	750	5.271756247349612	0.0	398865	2728.243752650388	0.696113	0.75
5085.054269276715	750	4.235873932933438	0.0	350812	5035.882314416174	0.5336662	0.75
5087.684768148884	750	5.605375060763827	0.0	382355	2630.49887216961	0.60729814	0.75
5090.300017160533	750	6.990126049115088	0.0	411561	2615.2490116487397	0.29222673	0.75
5091.892058629453	750	9.398084580196148	0.0	318564	1592.0414689189392	0.45636636	0.75
5093.505045693521	750	11.785097516126802	0.0	352642	1612.9870640693466	0.67569035	0.75
5095.396564811655	750	13.893578397993405	0.0	437162	1891.5191181333953	0.6447718	0.75
5096.865749150571	750	16.424394059076192	0.0	374758	1469.1843389172113	0.8877505	0.75
5099.195735025274	1200	18.09440818437285	0.0	560821	2329.9858747033436	0.9162511	0.75
5101.935222316045	1200	19.354920893602372	0.0	607410	2739.4872907704753	0.32257456	1.2
5104.4560440005835	1200	20.83409920906373	0.0	594078	2520.821684538642	0.2491989	1.2
5107.186569414656	1200	22.103573794991238	0.0	624282	2730.525414072493	0.3396533	1.2
5109.968978477121	1200	23.32116473252746	0.0	687371	2782.409062463774	0.3094414	1.2
5112.260341746446	1200	25.029801463202205	0.0	526950	2291.3632693252534	0.48511943	1.2
5114.734216497098	1200	26.55592671255031	0.0	587876	2473.8747506518976	0.4598611	1.2
5117.290274007084	1200	27.99986920256454	0.0	617242	2556.0575099857715	0.50711584	1.2
5119.609081096011	1200	29.68106211363748	0.0	581493	2318.8070889270616	0.50016403	1.2
5122.200476130705	1200	31.089667078943627	0.0	639204	2591.3950346938504	0.5014067	1.2
5124.65380919387	1200	32.63633401577873	0.0	586839	2453.333063164899	0.6261073	1.2
5126.978103985307	1200	34.31203922434167	0.0	601738	2324.294791437065	0.603147	1.2
5129.574607348728	1200	35.71553586092016	0.0	616206	2596.5033634215006	0.67957306	1.2
5132.250772060197	1200	37.03937114945103	0.0	656471	2676.1647114691386	0.6207677	1.2
5134.353957845077	1200	38.936185364571166	0.0	536667	2103.185784879862	0.78503054	1.2
5136.952295054816	1200	40.33784815483108	0.0	587236	2598.337209740085	0.91128653	1.2
5139.865530562094	1200	41.424612647553495	0.0	590335	2913.23550727758	0.7894838	1.2
5143.57334653737	1200	41.71679667227815	0.0	696376	3707.815975275346	0.6112555	1.2
5146.755667704579	1200	42.534475505068826	0.0	487160	3182.3211672093275	0.76164985	1.2
5153.007243676292	1200	40.2828995333551	0.0	622896	6251.575971713728	0.5277061	1.2
5157.432377734736	1200	39.85776547491046	0.0	641447	4425.134058444641	0.25174809	1.2
5160.243054593248	1200	41.04708861639857	0.0	570392	2810.676858511888	0.36555487	1.2
5163.468240123922	1200	41.82190308572492	0.0	620283	3225.185530673652	0.62909853	1.2
5166.910783802693	1200	42.37935940695393	0.0	584349	3442.543678770984	0.7097493	1.2
5169.995079968098	1200	43.29506324154859	0.0	670129	3084.296165405345	0.51418537	1.2
5174.119182604752	1200	43.17096060489569	0.0	690253	4124.1026366529	0.6594846	1.2
5177.49430678644	1200	43.795836423207625	0.0	598727	3375.1241816880643	0.567023	1.2
5180.239576475386	1200	45.050566734261714	0.0	487812	2745.269688945914	1.0042584	1.2
5184.341592214069	1200	44.94855099557782	0.0	575591	4102.0157386839	1.0443821	1.2
5187.939360084437	1200	45.35078312521022	0.0	605884	3597.767870367596	0.85158	1.2
5190.660892378573	1200	46.62925083107419	0.0	587506	2721.532294136028	0.9957687	1.2
5193.17097216779	1200	48.119171041857214	0.0	566904	2510.0797892169794	1.3425678	1.2
5203.282497329598	4300	42.007645880049	0.0	2184571	10111.525161808213	1.2292255	1.1999999999999997
5215.669855153663	4300	33.620288055983906	0.0	2121928	12387.357824065099	0.1252086	4.3
5234.900344498894	4300	18.389798710752675	0.0	2219102	19230.489345231228	0.45145473	4.3
5240.126568602663	1850	17.163574606983975	0.0	958994	5226.224103768704	0.8136397	-0.6000000000000001
5247.4784742563725	1850	13.811668953274362	0.0	982064	7351.905653709612	0.3092149	1.85
5252.491867533196	1850	12.798275676450926	0.0	830730	5013.393276823438	0.79579866	1.85
5261.183061757196	1850	8.10708145245106	0.0	846370	8691.194223999864	0.7679022	1.85

