16312.773936963042	750	4.0	6.865112348267744	450283	6865.112348267744	0.54831827	-28.7699830975513
16314.834512880607	300	5.939424082436076	0.0	155580	2060.575917563924	0.23807774	-0.15000000000000002
16316.618067084892	300	8.155869878150016	0.0	139857	1783.5542042860604	0.12699409	0.3
16318.476004779563	300	10.297932183479393	0.0	155432	1857.9376946706218	0.18721648	0.3
16320.333228075922	300	12.440708887119614	0.0	163442	1857.2232963597808	0.23488463	0.3
16321.643327781041	300	15.130609182001447	0.0	126289	1310.099705118168	0.35419667	0.3
16323.076447344538	300	17.697489618503123	0.0	153295	1433.11956349832	0.42111576	0.3
16324.89954640077	300	19.874390562272517	0.0	173849	1823.0990562306067	0.5267571	0.3
16326.442927384276	300	22.331009578764466	0.0	150710	1543.3809835080526	0.63997835	0.3
16327.98876562362	300	24.78517133942052	0.0	139105	1545.8382393439476	0.69552666	0.3
16329.695953669334	300	27.077983293706218	0.0	141840	1707.1880457143025	0.7214488	0.3
16331.646059811324	300	29.12787715171659	0.0	156148	1950.1061419896282	0.61947495	0.3
16333.448727182875	300	31.32520978016678	0.0	160746	1802.6673715498073	0.6944431	0.3
16336.241505391412	300	32.532431571629544	0.0	179801	2792.7782085372332	0.66135836	0.3
16338.156145126308	300	34.61779183673394	0.0	140051	1914.6397348955984	0.6877267	0.3
16340.081361574748	300	36.69257538829326	0.0	138313	1925.2164484406876	0.53944266	0.3
16342.0895236745	300	38.68441328854258	0.0	143509	2008.1620997506793	0.50251114	0.3
16344.503011170204	300	40.270925792839655	0.0	150616	2413.487495702923	0.48080343	0.3
16348.219649294759	300	40.5542876682836	0.0	165384	3716.6381245560574	0.35415736	0.3
16352.51304566227	300	40.260891300771064	0.0	140881	4293.396367512537	0.35103396	0.3
16358.638679680289	300	38.13525728275169	0.0	157671	6125.634018019377	0.2218568	0.3
16364.408197132061	300	36.36573983098153	0.0	157812	5769.517451770152	0.20498389	0.3
16370.085405203548	300	34.6885317594918	0.0	163927	5677.208071489736	0.13607502	0.3
16374.172278785893	300	34.60165817714836	0.0	137654	4086.8735823434363	0.13604507	0.3
16378.288537582655	300	34.48539938038631	0.0	146754	4116.258796762047	0.09194078	0.3
16383.864114639873	300	32.90982232316786	0.0	153938	5575.57705721846	0.07125901	0.3
16387.933230167302	300	32.840706795737624	0.0	181901	4069.1155274302246	0.06424597	0.3
16389.80865536376	300	34.96528159928326	0.0	111155	1875.425196454361	0.17670259	0.3
16392.56236095831	300	36.21157600473273	0.0	153605	2753.705594550534	0.14658007	0.3
16395.32887096064	300	37.44506600240109	0.0	149029	2766.510002331635	0.1669389	0.3
16399.106752306758	300	37.667184656282984	0.0	157421	3777.881346118112	0.2740493	0.3
16403.51808166294	300	37.25585530009944	0.0	157488	4411.329356183534	0.19621626	0.3
16407.145612452594	300	37.628324510446795	0.0	143881	3627.5307896526506	0.32671905	0.3
16411.35599255528	300	37.41794440776081	0.0	163444	4210.380102685985	0.24275087	0.3
16415.51929975696	300	37.25463720608184	0.0	179328	4163.30720167897	0.33246318	0.3
16417.05077656858	300	39.72316039446186	0.0	159914	1531.476811619987	0.37430274	0.3
16417.67926993371	300	43.09466702933284	0.0	131610	628.4933651290148	1.5370125	0.3
16420.10922809068	1850	44.664708872362155	0.0	938587	2429.9581569706875	1.4618769	0.30000000000000004
16424.64883736242	4300	44.12509960062576	0.0	2133870	4539.6092717363945	0.8277749	1.8499999999999996
16429.52403290284	4300	43.249904060206326	0.0	2146120	4875.195540419437	0.06459012	4.3
16434.224599574336	4300	42.549337388708956	0.0	2108491	4700.566671497367	0.04706846	4.3
16438.75491274838	4300	42.01902421466324	0.0	2184571	4530.313174045719	0.0445546	4.3
16443.224254072866	4300	41.5496828901779	0.0	2121928	4469.3413244853355	0.027878596	4.3
16447.863876927782	4300	40.91006003526235	0.0	2219102	4639.622854915558	0.022184184	4.3
16452.96767602827	4300	39.806260934774286	0.0	2124950	5103.799100488063	0.023973402	4.3
16458.25132319967	4300	38.52261376337305	0.0	2246506	5283.6471714012305	0.037777375	4.3
16462.764911196457	4300	38.00902576658912	0.0	1961140	4513.587996783935	0.028521746	4.3
16467.262640925488	4300	37.51129603755809	0.0	2155012	4497.729729031034	0.03646333	4.3

