5950.430828355565	750	4.0	8.215266709904062	450283	8215.266709904063	0.27322596	-34.57564685258747
5953.459890201986	300	4.97093815357864	0.0	155580	3029.0618464213608	0.1423506	-0.15000000000000002
5955.913556983853	300	6.517271371711869	0.0	139857	2453.6667818667706	0.049435325	0.3
5958.069506677708	300	8.361321677856907	0.0	155432	2155.9496938549614	0.04912989	0.3
5960.198911390397	300	10.231916965167043	0.0	163442	2129.404712689864	0.13901989	0.3
5961.772677785667	300	12.658150569897952	0.0	126289	1573.7663952690905	0.18326198	0.3
5963.137995002615	300	15.292833352949737	0.0	153295	1365.3172169482154	0.20493704	0.3
5964.717214693505	300	17.713613662059643	0.0	173849	1579.2196908900933	0.40883502	0.3
5966.06161463382	300	20.369213721744813	0.0	150710	1344.3999403148302	0.6180985	0.3
5967.261210493748	300	23.169617861816537	0.0	139105	1199.5958599282799	0.75019187	0.3
5968.440396433224	300	25.990431922341035	0.0	141840	1179.1859394755	0.852551	0.3
5969.873799662387	300	28.557028693178424	0.0	156148	1433.4032291626106	0.92366934	0.3
5971.453887864703	300	30.976940490863043	0.0	160746	1580.0882023153815	0.93675387	0.3
5973.217391873832	300	33.213436481734	0.0	179801	1763.5040091290398	0.88580453	0.3
5977.136436561547	750	33.29439179401868	0.0	337059	3919.044687715323	0.98099244	0.3
5980.969141651596	750	33.46168670397039	0.0	366214	3832.705090048282	0.37772077	0.75
5983.829261531439	750	34.6015668241267	0.0	360831	2860.1198798436913	0.38574278	0.75
5987.240319429103	750	35.190508926463764	0.0	372963	3411.0578976629345	0.59916997	0.75
5992.4915109217945	750	33.939317433771244	0.0	405596	5251.191492692527	0.5039016	0.75
5995.387696352251	750	35.0431320033157	0.0	350713	2896.185430455542	0.26617604	0.75
5998.538880406035	750	35.891947949531776	0.0	386472	3151.184053783916	0.6383259	0.75
6002.184684655783	750	36.24614369978459	0.0	399894	3645.8042497471943	0.53235316	0.75
6006.984829979626	750	35.4459983759415	0.0	401853	4800.1453238430895	0.5402322	0.75
6009.958546600754	750	36.47228175481352	0.0	343800	2973.716621127972	0.41857725	0.75
6012.913120966643	750	37.51770738892344	0.0	359903	2954.5743658900797	0.57966274	0.75
6016.635183781942	750	37.79564457362435	0.0	379700	3722.062815299091	0.66459215	0.75
6020.693371891373	750	37.73745646419308	0.0	425781	4058.188109431273	0.45319903	0.75
6023.591641315145	750	38.839187040421535	0.0	277716	2898.2694237715377	0.63261545	0.75
6029.533081781167	750	36.8977465743997	0.0	400396	5941.440466021842	0.6446651	0.75
6035.277322929219	750	35.15350542634865	0.0	400508	5744.2411480510455	0.41124973	0.75
6038.573228685902	750	35.8575996696644	0.0	358218	3295.905756684256	0.40995258	0.75
6041.729205411953	750	36.7016229436134	0.0	400322	3155.9767260510007	0.6671303	0.75
6044.886323250209	750	37.5445051053585	0.0	369834	3157.117838254896	0.7356838	0.75
6048.930717228589	750	37.50011112697917	0.0	412837	4044.39397837933	0.6850151	0.75
6052.934658397323	750	37.49616995824509	0.0	401088	4003.941168734081	0.5352758	0.75
6056.145385484165	750	38.285442871403085	0.0	365161	3210.7270868420023	0.6445898	0.75
6059.044120796985	750	39.386707558582636	0.0	321064	2898.7353128204463	1.0023184	0.75
6062.320404586691	750	40.11042376887635	0.0	361565	3276.2837897062827	0.92890966	0.75
6065.901395855084	750	40.52943250048327	0.0	378327	3580.9912683930916	0.9940723	0.75
6069.700136077225	750	40.730692278343035	0.0	390680	3798.7402221402294	1.0288143	0.75
6073.399502669239	750	41.03132568632835	0.0	345516	3699.3665920146805	1.0657239	0.75
6077.652745344008	750	40.778083011560135	0.0	384505	4253.242674768221	1.0436945	0.75
6081.448314160037	750	40.98251419553061	0.0	372093	3795.568816029522	1.1144338	0.75
6086.167209182646	750	40.263619172921366	0.0	438281	4718.895022609244	1.1872613	0.75
6093.531404610334	750	36.899423745233555	0.0	398987	7364.195427687812	1.1669462	0.75
6097.266666227076	750	37.16416212849121	0.0	393804	3735.261616742351	0.7821609	0.75
6101.15441810564	750	37.27641024992747	0.0	331053	3887.7518785637385	1.539927	0.75
6104.510396524652	750	37.92043183091476	0.0	314107	3355.9784190127148	1.2362275	0.75

