5265.675158725454	750	4.0	4.492096968258112	450283	4492.096968258112	1.059971	-18.56601696350988
5267.073635564979	300	6.6015231604739535	0.0	155580	1398.4768395260464	0.63218796	-0.15000000000000002
5268.25697445212	300	9.418184273333548	0.0	139857	1183.3388871404063	0.4485635	0.3
5269.575989800236	300	12.09916892521706	0.0	155432	1319.0153481164841	0.6752467	0.3
5270.983242599693	300	14.69191612576039	0.0	163442	1407.2527994566724	0.70180726	0.3
5272.154100267506	300	17.521058457947184	0.0	126289	1170.857667813207	0.8530128	0.3
5273.570870581134	300	20.104288144319266	0.0	153295	1416.770313627918	0.733492	0.3
5275.212432191255	300	22.462726534198314	0.0	173849	1641.5616101209537	0.72488904	0.3
5276.6447565102935	300	25.030402215161008	0.0	150710	1432.3243190373053	0.8766117	0.3
5277.896162109264	300	27.778996616189875	0.0	139105	1251.405598971134	0.8859171	0.3
5280.9294379924295	750	28.745720733024633	0.0	353220	3033.275883165238	0.93921065	0.3
5284.339276509297	750	29.335882216156495	0.0	405134	3409.8385168681366	0.43734354	0.75
5287.73311317141	750	29.942045554043528	0.0	386351	3393.8366621129667	0.42785603	0.75
5291.889183420046	750	29.78597530540666	0.0	434409	4156.070248636869	0.37917447	0.75
5295.504516413131	750	30.17064231232237	0.0	337059	3615.3329930842865	0.38107294	0.75
5300.000438066872	750	29.674720658580082	0.0	366214	4495.921653742289	0.37565073	0.75
5304.335727140202	750	29.339431585250267	0.0	360831	4335.289073329816	0.2428697	0.75
5310.276655892137	750	27.398502833316094	0.0	372963	5940.928751934169	0.33363914	0.75
5317.082896364588	750	24.592262360864158	0.0	405596	6806.240472451937	0.31765968	0.75
5320.785388429549	750	24.889770295903187	0.0	350713	3702.492064960971	0.4089288	0.75
5325.2435138602	750	24.431644865251727	0.0	386472	4458.125430651458	0.38008732	0.75
5330.593060998375	750	23.08209772707647	0.0	399894	5349.547138175256	0.28952143	0.75
5336.550133150416	750	21.12502557503658	0.0	401853	5957.07215203989	0.354377	0.75
5342.272327957366	750	19.402830768086563	0.0	343800	5722.194806950018	0.4981296	0.75
5348.900006220251	750	16.775152505201362	0.0	359903	6627.6782628852	0.47225073	0.75
5353.322047774465	750	16.35311095098684	0.0	379700	4422.04155421452	0.68850946	0.75
5357.38992291107	750	16.285235814381963	0.0	425781	4067.8751366048773	0.37810904	0.75
5359.771767634325	750	17.90339109112675	0.0	277716	2381.844723255213	0.38993537	0.75
5363.174468201647	750	18.5006905238062	0.0	400396	3402.7005673205485	0.5743146	0.75
5366.656183835554	750	19.018974889899038	0.0	400508	3481.715633907161	0.37193763	0.75
5370.442850261388	750	19.232308464065042	0.0	358218	3786.666425833994	0.31199634	0.75
5374.28566354808	750	19.389495177373284	0.0	400322	3842.8132866917604	0.273924	0.75
5378.006367592708	750	19.66879113274616	0.0	369834	3720.704044627122	0.34369576	0.75
5381.361870111763	750	20.313288613690617	0.0	412837	3355.502519055546	0.35458976	0.75
5384.895677557771	750	20.77948116768186	0.0	401088	3533.807446008759	0.42778337	0.75
5388.250385764624	750	21.424772960828697	0.0	365161	3354.708206853159	0.54135036	0.75
5390.97931324626	750	22.695845479192364	0.0	321064	2728.9274816363304	0.6807648	0.75
5394.120888494276	750	23.554270231176677	0.0	361565	3141.575248015687	0.625282	0.75
5397.428469389697	750	24.246689335756297	0.0	378327	3307.580895420379	0.6164456	0.75
5400.788464308831	750	24.886694416621992	0.0	390680	3359.9949191343085	0.7306045	0.75
5404.534840302225	750	25.140318423227782	0.0	345516	3746.3759933942083	0.8142437	0.75
5408.918748557608	750	24.75641016784562	0.0	384505	4383.9082553821645	0.6955501	0.75
5413.591551350337	750	24.08360737511649	0.0	372093	4672.802792729127	0.8394536	0.75
5419.565836378944	750	22.10932234650882	0.0	438281	5974.285028607672	0.7252893	0.75
5426.888079006358	750	18.787079719095207	0.0	398987	7322.242627413611	0.8675298	0.75
5431.102835572424	750	18.572323153030194	0.0	393804	4214.756566065016	0.61888206	0.75
5434.8104745577875	750	18.86468416766615	0.0	331053	3707.6389853640403	1.1043766	0.75
5438.917923317205	750	18.757235408248214	0.0	314107	4107.448759417943	0.87191355	0.75

