5598.268274898264	750	4.0	0.9321555281170851	450283	932.1555281170852	0.9217112	-3.2582687709034657
5599.954354585316	1850	6.313920312948205	0.0	957685	1686.0796870517947	1.2246803	0.75
5601.543899180719	1850	8.724375717545666	0.0	877771	1589.5445954025402	0.78155714	1.85
5603.238716839863	1850	11.029558058401378	0.0	933276	1694.8176591442875	0.8785044	1.85
5604.965088829677	1850	13.303186068586761	0.0	996749	1726.371989814615	1.0461221	1.85
5608.336936473017	4300	13.931338425247421	0.0	1941625	3371.8476433393416	1.0382915	1.8499999999999996
5612.847668298587	4300	13.42060659967663	0.0	2157535	4510.7318255707905	0.12386421	4.3
5617.8423173989995	4300	12.425957499264273	0.0	2290172	4994.649100412357	0.4119623	4.3
5622.359852231641	4300	11.908422666623785	0.0	2055469	4517.534832640489	0.4224813	4.3
5626.352883234968	4300	11.915391663295482	0.0	2169201	3993.0310033283013	0.67357415	4.3
5630.352985502191	4300	11.915289396073469	0.0	2173522	4000.1022672220142	0.5951554	4.3
5634.389101931694	4300	11.879172966570115	0.0	2102452	4036.116429503354	0.5553945	4.3
5639.056625783303	4300	11.21164911496068	0.0	2209463	4667.523851609434	0.73750037	4.3
5642.271603688106	2850	11.9966712101583	0.0	1578343	3214.9779048023815	0.8029735	1.4000000000000001
5644.501485662594	2850	13.76678923567031	0.0	1231445	2229.881974487992	0.19262679	2.85
5647.208910072576	2850	15.05936482568725	0.0	1471065	2707.424409983057	0.38479948	2.85
5649.9584289384065	2850	16.309845959856727	0.0	1491626	2749.5188658305246	0.44712692	2.85
5652.580695646332	2850	17.68757925193139	0.0	1358801	2622.266707925338	0.58479315	2.85
5655.411539105632	2850	18.856735792631085	0.0	1537156	2830.843459300305	0.5401757	2.85
5657.851853807255	2850	20.416421091008417	0.0	1336050	2440.314701622668	0.5624913	2.85
5660.378020364943	2850	21.890254533320032	0.0	1415116	2526.1665576883834	0.7373884	2.85
5664.446319584411	4300	21.821955313851927	0.0	2176469	4068.2992194681065	0.7536549	2.8499999999999996
5668.498969457184	4300	21.769305441078473	0.0	2221506	4052.6498727734556	0.114312805	4.3
5672.051978518251	4300	22.216296380011475	0.0	2044075	3553.009061066999	0.08900761	4.3
5676.341891803182	4300	21.92638309508075	0.0	2186790	4289.913284930721	0.10704097	4.3
5680.5217480861975	4300	21.74652681206499	0.0	2105231	4179.856283015764	0.11561069	4.3
5685.056901932501	4300	21.2113729657611	0.0	2395588	4535.15384630389	0.26907644	4.3
5688.868685746804	4300	21.399589151458205	0.0	1972048	3811.783814302896	0.10354587	4.3
5692.941260254401	4300	21.327014643861364	0.0	2134614	4072.5745075968407	0.15657748	4.3
5696.858848667856	4300	21.409426230406	0.0	2164140	3917.5884134553603	0.1819462	4.3
5700.892914980466	4300	21.375359917796164	0.0	2113193	4034.066312609841	0.14691007	4.3
5704.981935542466	4300	21.286339355796592	0.0	2147852	4089.020561999569	0.1530694	4.3
5708.972422198109	4300	21.295852700154597	0.0	2191074	3990.4866556419956	0.19346398	4.3
5712.9317830122945	4300	21.336491885968634	0.0	2286761	3959.360814185967	0.18455958	4.3
5716.844455162332	4300	21.423819735930866	0.0	2307787	3912.672150037768	0.14075835	4.3
5721.133402174465	4300	21.134872723798363	0.0	2143948	4288.947012132505	0.072352335	4.3
5725.311152657424	4300	20.95712224083978	0.0	1919781	4177.750482958583	0.07504746	4.3
5730.052879239211	4300	20.21539565905281	0.0	2147467	4741.726581786968	0.13335377	4.3
5734.246035688187	4300	20.022239210077053	0.0	2133870	4193.156448975757	0.13864599	4.3
5738.196364299145	4300	20.07191059911914	0.0	2146120	3950.328610957913	0.10406449	4.3
5742.232876926809	4300	20.035397971455094	0.0	2108491	4036.5126276640444	0.06643976	4.3
5746.411632825754	4300	19.856642072509132	0.0	2184571	4178.755898945963	0.07068041	4.3
5750.93155666694	4300	19.33671823132337	0.0	2121928	4519.9238411857605	0.06737585	4.3
5754.979552189552	4300	19.28872270871161	0.0	2219102	4047.995522611761	0.10693946	4.3
5758.923415635054	4300	19.34485926320942	0.0	2124950	3943.8634455021925	0.055019256	4.3
5763.080803409193	4300	19.187471489069786	0.0	2246506	4157.387774139632	0.055637196	4.3
5766.741423280954	4300	19.526851617308946	0.0	1961140	3660.6198717608413	0.031573404	4.3
5770.582335056338	4300	19.68593984192624	0.0	2155012	3840.9117753827045	0.034922026	4.3

