2385.6076076242275	750	4.0	6.619212714537035	450283	6619.212714537035	0.32185817	-27.71261467250925
2387.7185699684787	300	5.8890376557490836	0.0	155580	2110.9623442509164	0.26292747	-0.15000000000000002
2389.524631972268	300	8.082975651959863	0.0	139857	1806.0620037892206	0.12054372	0.3
2392.2422198833833	300	9.365387740844167	0.0	155432	2717.587911115697	0.18222037	0.3
2394.8583880871133	300	10.749219537113932	0.0	163442	2616.1682037302335	0.12565663	0.3
2396.4574415216703	300	13.150166102556996	0.0	126289	1599.0534345569358	0.1857045	0.3
2398.481164572216	300	15.126443052010968	0.0	153295	2023.723050546029	0.20485584	0.3
2401.6777546304793	300	15.929852993747614	0.0	173849	3196.590058263353	0.17139666	0.3
2404.6993341835932	300	16.9082734406336	0.0	150710	3021.579553114015	0.17896888	0.3
2406.576012270943	300	19.03159535328397	0.0	139105	1876.6780873496273	0.13417122	0.3
2408.912269808867	300	20.695337815359544	0.0	141840	2336.2575379244277	0.23661375	0.3
2410.930588448663	300	22.67701917556383	0.0	156148	2018.3186397957147	0.13040197	0.3
2412.992583790784	300	24.615023833442507	0.0	160746	2061.9953421213213	0.28291515	0.3
2415.234256738055	300	26.373350886171785	0.0	179801	2241.6729472707243	0.22154509	0.3
2416.8656920193293	300	28.74191560489749	0.0	140051	1631.435281274297	0.47424412	0.3
2418.5642699689174	300	31.043337655309355	0.0	138313	1698.5779495881313	0.4666882	0.3
2420.647864150351	300	32.9597434738759	0.0	143509	2083.594181433456	0.48792064	0.3
2421.977031139426	300	35.630576484800784	0.0	150616	1329.1669890751227	0.49450898	0.3
2423.131776619336	300	38.47583100489038	0.0	165384	1154.7454799104007	0.83060443	0.3
2424.3668549050626	300	41.24075271916378	0.0	140881	1235.0782857266004	1.0818123	0.3
2426.055027658518	300	43.55257996570847	0.0	157671	1688.1727534553127	0.97516847	0.3
2427.7643078774904	300	45.84329974673623	0.0	157812	1709.2802189722356	0.902904	0.3
2429.543936638409	300	48.06367098581751	0.0	163927	1779.62876091872	0.91855764	0.3
2430.7229478502218	300	50.884659774004746	0.0	137654	1179.0112118127631	0.95038897	0.3
2432.063920391024	300	53.543687233202355	0.0	146754	1340.9725408023864	0.99365157	0.3
2433.4874035527805	300	56.120204071445855	0.0	153938	1423.4831617564978	0.9179107	0.3
2434.943577145936	300	58.664030478290506	0.0	181901	1456.1735931553494	0.96380895	0.3
2436.8932528808127	300	59.76678363837548	0.0	111155	897.2468399150301	1.0360386	0.3
2439.10619795164	300	59.52152555044256	0.0	153605	1245.2580879329162	0.9759308	0.3
2440.8130795053303	300	59.9169283317946	0.0	149029	1104.5972186479557	1.0621734	0.3
2442.4260599935515	300	59.65158022660503	0.0	157421	1265.3481051895694	1.1982853	0.3
2444.7738169496506	300	59.906517897171504	0.0	157488	1245.0623294335203	1.1859255	0.3
2447.8896158750335	300	59.65496582411272	0.0	143881	1751.5520730587837	1.313925	0.3
2450.7760358789556	300	59.858879243514025	0.0	163444	1796.0865805986946	1.1765319	0.3
2454.064732622823	300	59.554697502191665	0.0	179328	2304.181741322364	1.2822341	0.3
2457.6300583655793	300	59.989371759435805	0.0	159914	3065.325742755864	1.2923485	0.3
2461.8946599981014	300	59.72477012691372	0.0	131610	2264.601632522087	1.329191	0.3
2465.011936949804	300	59.50835290672392	0.0	124011	2216.4172201897986	1.2723035	0.3
2467.3028523655375	300	59.76332507416365	0.0	144254	1745.02783256027	1.1892669	0.3
2468.9441207760974	300	59.91063467457026	0.0	149991	1352.6903995933917	1.4740522	0.3
2471.778872912598	300	59.61754759280325	0.0	147968	1293.0870817670168	1.7408569	0.3
2474.733509929789	300	59.64106159257483	0.0	161857	2476.4860002284204	1.7152635	0.3
2477.735136658014	300	59.83432374194327	0.0	145210	2306.7378506315567	1.542604	0.3
2481.7658283683922	300	59.80363203156504	0.0	172312	2530.6917103782307	1.5822031	0.3
2485.086261082671	300	59.821205948911775	0.0	167025	1982.426082653264	1.6627889	0.3
2514.0743902157865	4300	34.833076815796446	0.0	2246506	28988.12913311533	1.7172185	0.2999999999999998
2542.636770194192	4300	10.270696837390794	0.0	1961140	28562.379978405654	0.22490692	4.3
2551.3038834169383	750	5.60358361464506	0.0	314107	8667.113222745735	1.1114181	-2.8

