22982.540883073594	750	4.0	5.775321338143219	450283	5775.321338143219	0.73135084	-24.08388175401584
22983.85804281846	300	6.682840255133825	0.0	155580	1317.159744866175	0.37612242	-0.15000000000000002
22984.975174348623	300	9.565708724972165	0.0	139857	1117.1315301616603	0.50354105	0.3
22986.22783968156	300	12.313043392038171	0.0	155432	1252.6653329339927	0.7126877	0.3
22987.6142393026	300	14.926643770998389	0.0	163442	1386.3996210397818	0.7728685	0.3
22988.689707165795	300	17.851175907799078	0.0	126289	1075.4678631993083	0.8327137	0.3
22990.01797550222	300	20.522907571372347	0.0	153295	1328.268336426731	0.8092265	0.3
22991.55564954977	300	22.985233523823265	0.0	173849	1537.6740475490794	0.7994804	0.3
22993.377508122292	300	25.163374951303272	0.0	150710	1821.8585725199966	0.9195154	0.3
22995.154882935592	300	27.386000138005354	0.0	139105	1777.3748132979167	0.8200738	0.3
22996.857442094108	300	29.68344097948931	0.0	141840	1702.5591585160491	0.8038646	0.3
22998.20611806854	300	32.334765005054784	0.0	156148	1348.6759744345259	0.752275	0.3
22999.469578657227	300	35.071304416373394	0.0	160746	1263.4605886813868	0.9468056	0.3
23001.050972350626	300	37.48991072297021	0.0	179801	1581.3936934031876	0.9980606	0.3
23002.693648057775	300	39.84723501582441	0.0	140051	1642.6757071457992	0.9793879	0.3
23004.625739986815	300	41.91514308678319	0.0	138313	1932.0919290412205	0.8498963	0.3
23006.416220883937	300	44.12466218966066	0.0	143509	1790.4808971225277	0.78876656	0.3
23007.59388868093	300	46.94699439266611	0.0	150616	1177.6677969945447	0.7954113	0.3
23008.802997261733	300	49.7378858118644	0.0	165384	1209.1085808017172	0.94582933	0.3
23009.84082664393	300	52.70005642966684	0.0	140881	1037.8293821975599	1.0306331	0.3
23011.731334433312	300	54.80954864028376	0.0	157671	1890.5077893830803	0.96841526	0.3
23013.09469772834	300	57.44618534525681	0.0	157812	1363.3632950269491	0.80376774	0.3
23014.809062245895	300	59.713571078172244	0.0	163927	1232.6142670845632	0.89817834	0.3
23016.528484578772	300	59.75973507986845	0.0	137654	953.8359983037953	0.9130738	0.3
23019.192891475315	300	59.79032477978479	0.0	146754	1469.4103000836644	0.98600304	0.3
23023.283818230062	300	59.69939802503932	0.0	153938	3090.9267547454656	0.8349892	0.3
23026.9971342305	300	59.50070172907449	0.0	181901	3198.6962959648304	0.85404325	0.3
23030.620772214577	300	59.61119263216986	0.0	111155	1889.5090969046316	0.9717528	0.3
23033.77977024841	300	59.73875805409135	0.0	153605	1872.434578078512	0.72720706	0.3
23036.322421948324	300	59.84071391290889	0.0	149029	1898.0441411824584	0.82876945	0.3
23040.50151956573	300	59.66161629550528	0.0	157421	2179.097617403607	0.91709673	0.3
23042.28503903517	300	59.946709177452306	0.0	157488	1714.90711805298	0.751475	0.3
23045.90496399666	300	59.71105279610338	0.0	143881	2735.65638134893	0.98808706	0.3
23048.816460532315	300	59.677438799296205	0.0	163444	2033.613996807172	0.7044133	0.3
23051.795766862986	300	59.826726912934404	0.0	179328	1850.7118863618039	1.0943029	0.3
23054.589159961903	300	59.664327623780565	0.0	159914	2662.3992891538414	1.1896652	0.3
23057.547021486516	300	59.95589377110284	0.0	131610	2208.433852677723	1.0966208	0.3
23059.74724898681	300	59.52049389982626	0.0	124011	1935.3998712765724	1.0584575	0.3
23063.33043967824	300	59.656312287570906	0.0	144254	2364.181612255355	1.0657017	0.3
23067.363898423162	300	59.62285354264861	0.0	149991	2533.458744922299	1.1628067	0.3
23070.45016939151	300	59.88595196122031	0.0	147968	2236.9015814283016	1.2749805	0.3
23074.59699992095	300	59.73912143178373	0.0	161857	2646.830529436577	1.2940687	0.3
23077.24127399497	300	59.69008437195569	0.0	145210	2549.0370598280347	1.4598346	0.3
23081.232117307212	300	59.699241059712556	0.0	172312	2490.8433122431393	1.3369529	0.3
23083.488104946136	300	59.52428741296587	0.0	167025	2174.9536467466887	1.5859499	0.3
23087.299300953087	300	59.634206391078365	0.0	160064	2390.0810218875067	1.696848	0.3
23113.51403071435	4300	37.41947662981558	0.0	1961140	26214.729761262784	1.6931428	0.2999999999999998
23136.219436951316	4300	18.714070392846494	0.0	2155012	22705.40623696908	0.21951483	4.3

