13556.94593207723	750	4.0	5.127185897414645	450283	5127.185897414644	1.0742422	-21.29689935888297
13558.839213578483	300	6.106718498746048	0.0	155580	1893.2815012539522	0.496277	-0.15000000000000002
13560.482175480787	300	8.463756596441497	0.0	139857	1642.961902304551	0.18376812	0.3
13562.321132127947	300	10.624799949282068	0.0	155432	1838.9566471594298	0.29948995	0.3
13564.347392324677	300	12.598539752552488	0.0	163442	2026.2601967295793	0.26793027	0.3
13565.556042900043	300	15.389889177186298	0.0	126289	1208.6505753661886	0.41845018	0.3
13567.50231590279	300	17.44361617443911	0.0	153295	1946.2730027471887	0.5025099	0.3
13569.695003327754	300	19.250928749475584	0.0	173849	2192.6874249635252	0.33513638	0.3
13571.61024632163	300	21.335685755600014	0.0	150710	1915.2429938755702	0.5339768	0.3
13573.078585546713	300	23.86734653051648	0.0	139105	1468.339225083535	0.45988008	0.3
13574.325265043894	300	26.62066703333677	0.0	141840	1246.6794971797092	0.6471287	0.3
13575.805280682906	300	29.1406513943253	0.0	156148	1480.0156390114662	0.7908212	0.3
13577.280691450109	300	31.665240627120642	0.0	160746	1475.4107672046582	0.8332968	0.3
13579.450960830878	300	33.49497124635227	0.0	179801	2170.269380768368	0.85917777	0.3
13580.959067029777	300	35.986865047454906	0.0	140051	1508.1061988973706	0.84340405	0.3
13582.5710100441	300	38.374922033130716	0.0	138313	1611.9430143241907	0.8370594	0.3
13584.211038946987	300	40.73489313024232	0.0	143509	1640.0289028883903	0.8133987	0.3
13585.79840437588	300	43.14752770135001	0.0	150616	1587.365428892311	0.8433843	0.3
13587.818742415162	300	45.127189662068275	0.0	165384	2020.3380392817317	0.83939725	0.3
13590.12596431768	300	46.81996775955063	0.0	140881	2307.2219025176487	0.7946558	0.3
13591.881060201382	300	49.06487187584715	0.0	157671	1755.0958837034805	0.62308866	0.3
13594.34485148918	300	50.60108058804812	0.0	157812	2463.7912877990275	0.7313773	0.3
13596.555734663942	300	52.39019741328748	0.0	163927	2210.883174760635	0.5436086	0.3
13597.758213497364	300	55.18771857986615	0.0	137654	1202.4788334213272	0.6312964	0.3
13599.002031066984	300	57.94390101024585	0.0	146754	1243.8175696202936	0.81850004	0.3
13600.70943067909	300	59.64184364777762	0.0	153938	1302.0573624682384	0.7912508	0.3
13603.105858402465	300	59.84130092520917	0.0	181901	1300.5427225684555	0.9706322	0.3
13604.73056261885	300	59.91189131741928	0.0	111155	929.4096077898827	1.0877005	0.3
13606.942648545053	300	59.73349554416554	0.0	153605	1178.3957732537456	0.97892094	0.3
13608.686430984051	300	59.548449439290344	0.0	149029	1185.0461048752002	1.1069822	0.3
13610.16110274521	300	59.68548171622309	0.0	157421	1362.967723067256	1.1662956	0.3
13612.279357673442	300	59.582206328403544	0.0	157488	1603.2753878195433	1.1639395	0.3
13616.085132862438	300	59.776431139408054	0.0	143881	2305.7751889954952	1.2293034	0.3
13618.919895909457	300	59.68442698535266	0.0	163444	2592.0041540553925	1.1314578	0.3
13623.310688210728	300	59.29363468408162	0.0	179328	4390.792301271039	1.2140324	0.3
13626.658165783028	300	59.856671495047486	0.0	159914	2436.9631890341343	1.0823622	0.3
13630.769374750056	300	59.74546252802062	0.0	131610	2611.208967026866	1.422426	0.3
13634.633661446787	300	59.881175831288346	0.0	124011	2864.2866967322725	1.0383664	0.3
13638.6798459478	300	59.83499133027464	0.0	144254	2546.184501013706	0.9265101	0.3
13641.616647510196	300	59.95768778964672	0.0	149991	2877.3035406279205	1.0854621	0.3
13645.64172214116	300	59.58989945654998	0.0	147968	2867.788333096736	0.97713983	0.3
13648.289334556388	300	59.53473641686813	0.0	161857	2555.1630396818496	1.0715964	0.3
13651.342852601909	300	59.55420204388083	0.0	145210	2980.5343729873066	1.510694	0.3
13656.47669442081	300	58.42036022497917	0.0	172312	5133.841818901655	1.1548598	0.3
13662.330383740187	300	56.56667090560162	0.0	167025	5853.689319377557	1.2186737	0.3
13666.956285571823	300	55.94076907396495	0.0	160064	4625.901831636669	1.2417797	0.3
13670.466606537764	300	56.43044810802342	0.0	137507	3510.320965941528	1.5743138	0.3
13672.981231870272	300	57.91582277551614	0.0	118421	2514.625332507274	1.5418001	0.3

