1677.253838807976	750	4.0	2.752351768226307	450283	2752.351768226307	1.4536074	-11.085112603373119
1680.0828835250854	750	5.17095528289082	0.0	398865	2829.0447171091805	0.56915283	0.75
1682.3364064297482	750	6.917432378227826	0.0	350812	2253.5229046629934	0.4888611	0.75
1683.427888764531	750	9.825950043445326	0.0	382355	1091.4823347825	0.41951656	0.75
1686.1781739253627	750	11.075664882613466	0.0	411561	2750.2851608318597	1.1356959	0.75
1690.5646187655414	750	10.689220042434826	0.0	318564	4386.4448401786385	0.7494563	0.75
1694.8241739594644	750	10.429664848511882	0.0	352642	4259.555193922945	0.43226573	0.75
1699.3094637592644	750	9.944375048711844	0.0	437162	4485.289799800037	0.34918356	0.75
1701.9532255243207	750	11.300613283655553	0.0	374758	2643.761765056291	0.42649534	0.75
1706.5318110837943	750	10.722027724181974	0.0	362795	4578.58555947358	0.42023456	0.75
1711.5966222482737	750	9.657216559702638	0.0	353220	5064.811164479335	0.32069126	0.75
1715.7845098186094	750	9.469328989366835	0.0	405134	4187.887570335803	0.59408736	0.75
1717.0956622074016	750	12.158176600574624	0.0	386351	1311.1523887922124	0.33662122	0.75
1719.0780612507237	750	14.175777557252545	0.0	434409	1982.3990433220788	0.8963595	0.75
1720.6919349069344	750	16.56190390104179	0.0	337059	1613.873656210753	0.9573208	0.75
1724.256918902008	750	16.99691990596812	0.0	366214	3564.983995073672	0.8882679	0.75
1727.62713874607	750	17.626700061906135	0.0	360831	3370.219844061982	0.40845746	0.75
1729.6193194022849	750	19.634519405691243	0.0	372963	1992.1806562148925	0.62165284	0.75
1733.3628121787037	750	19.891026629272435	0.0	405596	3743.4927764188124	0.8839674	0.75
1736.23867779499	750	21.015161012986123	0.0	350713	2875.8656162863126	0.5384476	0.75
1742.4306241461225	750	18.823214661853765	0.0	386472	6191.9463511323565	0.79735106	0.75
1746.016919056777	750	19.23691975119934	0.0	399894	3586.294910654428	0.60356843	0.75
1748.4758257347678	750	20.77801307320834	0.0	401853	2458.9066779910017	0.47922373	0.75
1754.0582311439682	750	19.195607664007962	0.0	343800	5582.405409200377	0.6321876	0.75
1758.1865407193118	750	19.067298088664362	0.0	359903	4128.309575343601	0.32598975	0.75
1763.6177708403823	750	17.63606796759373	0.0	379700	5431.230121070635	0.4387877	0.75
1768.1911607051836	750	17.06267810279226	0.0	425781	4573.38986480147	0.35940453	0.75
1771.681236893078	750	17.572601914897742	0.0	277716	3490.076187894518	0.50567615	0.75
1774.5426232030086	750	18.71121560496706	0.0	400396	2861.3863099306814	0.34723115	0.75
1777.4775071739216	750	19.77633163405404	0.0	400508	2934.883970913023	0.4489778	0.75
1780.100373968894	750	21.153464839081636	0.0	358218	2622.8667949724017	0.5490542	0.75
1782.494563116343	750	22.759275691632737	0.0	400322	2394.1891474488984	0.5190649	0.75
1785.6750401045454	750	23.57879870343026	0.0	369834	3180.476988202477	0.6847357	0.75
1789.2483884323597	750	24.005450375616125	0.0	412837	3573.348327814135	0.5282624	0.75
1792.5271969929904	750	24.726641814985353	0.0	401088	3278.808560630771	0.581718	0.75
1795.432481444342	750	25.82135736363356	0.0	365161	2905.284451351791	0.7332476	0.75
1798.3593782928988	750	26.894460515076748	0.0	321064	2926.8968485568125	0.99367315	0.75
1800.9478019263474	750	28.306036881628177	0.0	361565	2588.423633448572	0.84694695	0.75
1804.6468969275725	750	28.606941880403138	0.0	378327	3699.095001225039	1.00052	0.75
1808.3763148758217	750	28.877523932154222	0.0	390680	3729.417948248917	0.84652245	0.75
1810.8290965893189	750	30.424742218656764	0.0	345516	2452.7817134974566	0.90032935	0.75
1813.9707276399624	750	31.2831111680133	0.0	384505	3141.6310506434647	1.1203723	0.75
1816.5450238842418	750	32.708814923734	0.0	372093	2574.296244279295	1.1196568	0.75
1820.604066706081	1200	32.64977210189453	0.0	634861	4059.0428218394773	1.2732948	0.75
1828.164918791293	1200	29.088920016682575	0.0	630203	7560.852085211951	0.85457456	1.2
1833.9371459309268	1200	27.316692877048894	0.0	638661	5772.227139633685	0.7103186	1.2
1838.7483318430923	1200	26.505506964883335	0.0	538612	4811.185912165557	1.001304	1.2
1844.6325230266737	1200	24.621315781302172	0.0	550906	5884.191183581163	0.9127874	1.2

