17708.605802905036	750	4.0	4.746018619318359	450283	4746.018619318359	1.310641	-19.65788006306894
17709.90695799603	300	6.698844909008274	0.0	155580	1301.1550909917264	0.57773966	-0.15000000000000002
17711.094845773452	300	9.510957131585016	0.0	139857	1187.8877774232599	0.5366353	0.3
17712.480724585443	300	12.125078319591939	0.0	155432	1385.8788119930766	0.67467415	0.3
17713.879937730424	300	14.725865174612448	0.0	163442	1399.2131449794917	0.6652938	0.3
17714.907759524474	300	17.698043380560325	0.0	126289	1027.8217940521236	0.84273475	0.3
17716.236914344343	300	20.368888560692216	0.0	153295	1329.1548198681082	0.8268337	0.3
17717.624435721864	300	22.981367183172257	0.0	173849	1387.5213775199597	0.7856304	0.3
17720.58093546674	750	24.024867438295217	0.0	374758	2956.4997448770414	0.9891116	0.3
17723.709603097705	750	24.896199807331886	0.0	362795	3128.6676309633285	0.38327426	0.75
17726.362484032154	750	26.243318872881392	0.0	353220	2652.8809344504953	0.36921206	0.75
17730.69398017952	750	25.911822725516565	0.0	405134	4331.496147364825	0.53150713	0.75
17734.69357714533	750	25.912225759704828	0.0	386351	3999.5969658117383	0.2624417	0.75
17738.60444282531	750	26.00136007972539	0.0	434409	3910.8656799794358	0.29268685	0.75
17740.709445969118	750	27.896356935916604	0.0	337059	2105.003143808787	0.3359609	0.75
17742.988940211588	750	29.61686269345111	0.0	366214	2279.49424246549	0.66850984	0.75
17745.699068616246	750	30.90673428879461	0.0	360831	2710.1284046565015	0.5867032	0.75
17748.456640139902	750	32.14916276513729	0.0	372963	2757.571523657319	0.61263824	0.75
17751.44060292016	750	33.165199984881866	0.0	405596	2983.9627802554205	0.60845286	0.75
17754.38759093007	750	34.21821197497057	0.0	350713	2946.988009911295	0.67217004	0.75
17757.273483740828	750	35.33231916421352	0.0	386472	2885.8928107570537	0.778412	0.75
17760.51334155097	750	36.092461354074764	0.0	399894	3239.8578101387557	0.76460046	0.75
17764.097779507552	750	36.50802339749108	0.0	401853	3584.4379565836834	0.76945084	0.75
17766.84884334702	750	37.75695955802267	0.0	343800	2751.0638394684092	0.7674914	0.75
17770.314253356337	750	38.2915495487056	0.0	359903	3465.4100093170723	0.77037597	0.75
17775.25437939242	750	37.35142351262478	0.0	379700	4940.126036080819	0.70447403	0.75
17780.420714126147	750	36.1850887788963	0.0	425781	5166.334733728483	0.42695904	0.75
17783.61738408358	750	36.98841882146213	0.0	277716	3196.669957434172	0.5262894	0.75
17787.433340495518	750	37.17246240952281	0.0	400396	3815.9564119393267	0.6677618	0.75
17791.58560536994	750	37.02019753510242	0.0	400508	4152.264874420392	0.5964707	0.75
17795.80954805059	750	36.79625485445233	0.0	358218	4223.942680650085	0.5624981	0.75
17801.391856038714	750	35.21394686633146	0.0	400322	5582.307988120873	0.54339343	0.75
17806.311039228716	750	34.294763676329765	0.0	369834	4919.183190001695	0.35082957	0.75
17818.542084965302	750	26.0637179397395	0.0	412837	12231.04573659026	0.41846645	0.75
17832.84464732084	750	15.761155584203273	0.0	401088	14302.562355536229	0.68285084	0.75
17837.612877360945	300	14.992925544100446	0.0	159914	4768.230040102826	0.7152272	-0.15000000000000002
17841.37006202326	300	15.235740881784535	0.0	131610	3757.1846623159113	0.5085661	0.3
17845.77189496468	300	14.83390794036319	0.0	124011	4401.832941421346	0.1605665	0.3
17849.688808546016	300	14.916994359028093	0.0	144254	3916.9135813350968	0.12802759	0.3
17852.321735432462	300	16.28406747258152	0.0	149991	2632.926886446574	0.09080444	0.3
17854.886269619183	300	17.71953328585904	0.0	147968	2564.5341867224765	0.34429255	0.3
17857.971529535665	300	18.634273369374444	0.0	161857	3085.259916484595	0.22467229	0.3
17861.065618582466	300	19.540184322574284	0.0	145210	3094.0890468001608	0.7602571	0.3
17866.444761555842	300	18.16104134919722	0.0	172312	5379.142973377064	0.35237753	0.3
17870.460432747546	300	18.14537015749244	0.0	167025	4015.6711917047787	0.36248803	0.3
17875.75812868609	300	16.847674218947606	0.0	160064	5297.6959385448345	0.4816713	0.3
17877.9745546481	300	18.631248256941866	0.0	137507	2216.4259620057383	0.52600527	0.3
17879.251220446247	300	21.354582458791057	0.0	118421	1276.6657981508092	1.2060109	0.3

