18407.037223645726	750	4.0	7.229722006325715	450283	7229.722006325715	0.47915372	-30.337804627200573
18409.519791612467	300	5.517432033254713	0.0	155580	2482.567966745287	0.20607269	-0.15000000000000002
18411.77046958847	300	7.266754057251941	0.0	139857	2250.6779760027725	0.07782778	0.3
18415.05428419255	300	7.982939453173061	0.0	155432	3283.8146040788806	0.082494095	0.3
18418.955226692375	300	8.081996953345817	0.0	163442	3900.9424998272434	0.08292413	0.3
18421.772011843583	300	9.265211802135669	0.0	126289	2816.785151210147	0.090828	0.3
18425.019209042104	300	10.018014603615459	0.0	153295	3247.1971985202117	0.06225651	0.3
18427.580915846127	300	11.456307799592997	0.0	173849	2561.706804022462	0.04175374	0.3
18429.504796467347	300	13.532427178375375	0.0	150710	1923.8806212176214	0.099812314	0.3
18431.300918637084	300	15.736305008638867	0.0	139105	1796.1221697365083	0.13237475	0.3
18433.15115194275	300	17.88607170296915	0.0	141840	1850.2333056697157	0.19180228	0.3
18434.749390762405	300	20.287832883318192	0.0	156148	1598.2388196509605	0.1855122	0.3
18436.12936366919	300	22.90785997653092	0.0	160746	1379.9729067872709	0.45211107	0.3
18437.466676444852	300	25.570547200872387	0.0	179801	1337.3127756585295	0.70487154	0.3
18440.035788189496	750	27.00143545622507	0.0	337059	2569.1117446473177	1.0727807	0.3
18442.986811237904	750	28.050412407816534	0.0	366214	2951.0230484085378	0.46589938	0.75
18447.63635329311	750	27.400870352611133	0.0	360831	4649.542055205401	0.45581043	0.75
18450.463574351284	750	28.57364929443443	0.0	372963	2827.2210581767044	0.30533296	0.75
18453.952715049345	750	29.084508596375326	0.0	405596	3489.140698059101	0.5987829	0.75
18457.04568940348	750	29.991534242241276	0.0	350713	3092.9743541340517	0.4741627	0.75
18461.470961558407	750	29.566262087314062	0.0	386472	4425.272154927212	0.5752049	0.75
18467.685445178497	750	27.351778467222505	0.0	399894	6214.483620091557	0.34139967	0.75
18474.751427251173	750	24.285796394549163	0.0	401853	7065.982072673344	0.3704824	0.75
18479.880717401877	750	23.156506243843467	0.0	343800	5129.290150705696	0.49880785	0.75
18482.72764397012	750	24.30957967560017	0.0	359903	2846.9265682432956	0.2672425	0.75
18487.188856752335	750	23.848366893385283	0.0	379700	4461.212782214886	0.52784455	0.75
18494.35742077862	750	20.67980286710396	0.0	425781	7168.564026281326	0.2903951	0.75
18501.458405861733	750	17.57881778398779	0.0	277716	7100.985083116169	0.5810664	0.75
18507.520052568212	750	15.517171077506243	0.0	400396	6061.646706481547	0.7461351	0.75
18512.52153343112	750	14.515690214599493	0.0	400508	5001.480862906749	0.6519262	0.75
18515.86033698091	750	15.176886664810114	0.0	358218	3338.803549789379	0.51627064	0.75
18519.930333803477	750	15.10688984224162	0.0	400322	4069.9968225684947	0.45289466	0.75
18524.36772001113	750	14.669503634588786	0.0	369834	4437.386207652834	0.49508497	0.75
18528.337004267763	750	14.700219377954204	0.0	412837	3969.2842566345826	0.42766204	0.75
18531.64338692334	750	15.393836722379834	0.0	401088	3306.3826555743685	0.28106385	0.75
18537.447989356973	750	13.589234288748525	0.0	365161	5804.6024336313085	0.41552407	0.75
18542.612771481614	750	12.42445216410476	0.0	321064	5164.782124643763	0.53025025	0.75
18550.632130010996	750	8.405093634724363	0.0	361565	8019.358529380399	0.5091169	0.75
18557.82866012448	750	5.20856352123914	0.0	378327	7196.5301134852225	0.79942364	0.75
18559.74181087707	300	7.295412768650188	0.0	149991	1913.1507525889522	0.57203	-0.15000000000000002
18561.639688065505	300	9.397535580213518	0.0	147968	1897.8771884366695	0.47699046	0.3
18563.740927848863	300	11.296295796855468	0.0	161857	2101.2397833580508	0.49330246	0.3
18565.25862450747	300	13.778599138246742	0.0	145210	1517.696658608725	0.95374906	0.3
18566.766087117092	300	16.271136528626947	0.0	172312	1507.462609619796	1.0058066	0.3
18569.71248337031	750	17.324740275411752	0.0	398987	2946.3962532151927	1.4126456	0.3
18572.627473152043	750	18.40975049367673	0.0	393804	2914.9897817350225	0.717775	0.75
18578.87460339097	1200	16.16262025474779	0.0	538612	6247.130238928942	1.3589097	0.75
18583.086489533678	1200	15.950734112038946	0.0	550906	4211.886142708841	0.827712	1.2

