18235.26010253167	750	4.0	3.0006457348380566	450283	3000.645734838057	0.6842178	-12.152776659803642
18237.935841054838	750	5.324261476829477	0.0	398865	2675.7385231705234	0.61744016	0.75
18240.295293228774	750	6.964809302894167	0.0	350812	2359.4521739353095	0.48841268	0.75
18243.86771793754	750	7.3923845941304265	0.0	382355	3572.424708763741	0.39566195	0.75
18248.60647813318	750	6.653624398490625	0.0	411561	4738.760195639801	0.33173767	0.75
18251.497543418867	750	7.762559112805185	0.0	318564	2891.06528568544	0.38799864	0.75
18253.706551060124	750	9.55355147154612	0.0	352642	2209.007641259066	0.27936023	0.75
18256.571469858067	750	10.688632673607376	0.0	437162	2864.918797938743	0.28778857	0.75
18259.628861507714	750	11.631241023958323	0.0	374758	3057.3916496490547	0.43972743	0.75
18262.497234768798	750	12.76286776287388	0.0	362795	2868.373261084444	0.26811993	0.75
18265.86436772541	750	13.395734806259457	0.0	353220	3367.1329566144223	0.22636563	0.75
18268.447995259954	750	14.812107271712662	0.0	405134	2583.6275345467943	0.2703753	0.75
18270.292276397762	750	16.967826133905792	0.0	386351	1844.2811378068675	0.3956191	0.75
18272.194769722606	750	19.065332809060237	0.0	434409	1902.4933248455563	0.7299149	0.75
18273.76027630095	750	21.49982623071917	0.0	337059	1565.5065783410685	0.9565379	0.75
18275.43413158448	750	23.82597094718607	0.0	366214	1673.8552835330943	0.9299582	0.75
18278.154135072127	1200	25.105967459541162	0.0	617242	2720.0034876449095	0.9536416	0.75
18280.724418657974	1200	26.53568387369341	0.0	581493	2570.2835858477506	0.27921742	1.2
18283.33972892377	1200	27.920373607899656	0.0	639204	2615.3102657937548	0.30603725	1.2
18286.67021747821	1200	28.58988505345395	0.0	586839	3330.488554445704	0.537769	1.2
18290.13779230725	1200	29.122310224417227	0.0	601738	3467.5748290367246	0.36514732	1.2
18293.79759138684	1200	29.462511144828294	0.0	616206	3659.7990795889314	0.3312168	1.2
18299.377420069926	1200	27.88268246174083	0.0	656471	5579.828683087464	0.25710738	1.2
18305.119795337196	1200	26.14030719447033	0.0	536667	5742.375267270501	0.23391432	1.2
18309.723844471897	1200	25.536258059768556	0.0	587236	4604.049134701775	0.1863484	1.2
18312.696816867126	1200	26.563285664536956	0.0	590335	2972.972395231599	0.18484947	1.2
18316.351366419993	1200	26.908736111673367	0.0	696376	3654.549552863591	0.31115618	1.2
18318.76334835076	1200	28.49675418090588	0.0	487160	2411.981930767485	0.3409465	1.2
18322.26087700695	1200	28.999225524719225	0.0	622896	3497.5286561866565	0.37022048	1.2
18325.581148954727	1200	29.678953576941765	0.0	641447	3320.271947777459	0.23147084	1.2
18328.983735251262	1200	30.276367280405662	0.0	570392	3402.586296536105	0.30741665	1.2
18332.16698495095	1200	31.093117580720797	0.0	620283	3183.249699684866	0.28001642	1.2
18335.1449554735	1200	32.11514705816654	0.0	584349	2977.9705225542566	0.47052667	1.2
18338.22123233917	1200	33.03887019249804	0.0	670129	3076.2768656685002	0.44336385	1.2
18342.40466095766	1200	32.85544157400674	0.0	690253	4183.4286184913	0.5659535	1.2
18347.192575336	1200	32.06752719566503	0.0	598727	4787.914378341714	0.51833344	1.2
18351.195204472853	1200	32.06489805881217	0.0	487812	4002.629136852859	0.6746173	1.2
18357.17340350103	1200	30.086699030635586	0.0	575591	5978.199028176583	0.4814996	1.2
18360.027240516432	1200	31.23286201523251	0.0	605884	2853.8370154030763	0.47863203	1.2
18363.254031219876	1200	32.00607131178764	0.0	587506	3226.790703444865	0.77821374	1.2
18366.22392055264	1200	33.03618197902675	0.0	566904	2969.889332760892	0.84999394	1.2
18369.172632421105	1200	34.08747011055735	0.0	641452	2948.7118684693996	0.84223574	1.2
18371.833158587062	1200	35.4269439446037	0.0	599477	2660.5261659536436	1.0248032	1.2
18375.362184518934	1200	35.8979180127301	0.0	634861	3529.0259318735993	1.1103932	1.2
18383.29807345669	1200	31.96202907496931	0.0	630203	7935.888937760794	1.1610796	1.2
18391.691823953697	1200	27.568278577967916	0.0	638661	8393.75049700139	0.92119324	1.2
18395.91141575723	1850	27.348686774435425	0.0	830730	4219.591803532494	0.9632524	1.2000000000000002
18399.8075016394	1850	27.452600892262602	0.0	846370	3896.085882172821	0.51825327	1.85

