22288.186828351023	750	4.0	5.105653885378062	450283	5105.653885378062	1.0080076	-21.204311707125665
22292.342530090686	300	4.0	0.15570173966025685	155580	4155.701739660257	0.5007139	-0.8195174805391044
22294.799163520653	300	5.543366570032065	0.0	139857	2456.6334299679343	0.035865296	0.3
22296.08559265614	300	8.256937434542367	0.0	155432	1286.4291354896984	0.059633885	0.3
22297.07331250405	300	11.26921758663774	0.0	163442	987.7198479046284	0.40774202	0.3
22297.619040113634	300	14.723489977049944	0.0	126289	545.7276095877967	1.1430069	0.3
22299.910041190327	1200	16.43248890035763	0.0	561791	2291.001076692315	1.3024211	0.29999999999999993
22303.262489400633	1200	17.080040690052613	0.0	709534	3352.448210305012	0.2478475	1.2
22305.613965851524	1200	18.72856423916063	0.0	584846	2351.4764508919857	0.18145397	1.2
22307.43374357856	1200	20.90878651212342	0.0	560821	1819.7777270372096	0.28844744	1.2
22309.977886231714	1200	22.364643858971693	0.0	607410	2544.142653151729	0.41868404	1.2
22311.892512554157	1200	24.45001753652742	0.0	594078	1914.6263224442746	0.32774174	1.2
22313.98618236548	1200	26.35634772520342	0.0	624282	2093.669811323998	0.5280242	1.2
22316.209620830345	1200	28.132909260339915	0.0	687371	2223.4384648635064	0.50627637	1.2
22317.9295246534	1200	30.41300543728923	0.0	526950	1719.9038230506844	0.8213545	1.2
22319.93485210398	1200	32.40767798670992	0.0	587876	2005.3274505793079	0.79970026	1.2
22321.94406415984	1200	34.39846593084891	0.0	617242	2009.2120558610172	0.87682664	1.2
22323.912403027123	1200	36.43012706356339	0.0	581493	1968.3388672855149	0.93096983	1.2
22326.772147861117	1200	37.570382229572026	0.0	639204	2859.744833991368	0.88955027	1.2
22330.311935842637	1200	38.03059424804914	0.0	586839	3539.787981522884	0.8427726	1.2
22332.478046773875	1200	39.86448331681316	0.0	601738	2166.1109312359818	0.5499383	1.2
22334.6099101227	1200	41.73261996798633	0.0	616206	2131.8633488268324	0.8648932	1.2
22336.933944392444	1200	43.40858569824375	0.0	656471	2324.0342697425776	0.9629507	1.2
22338.852533892543	1200	45.48999619814489	0.0	536667	1918.5895000988585	1.1305684	1.2
22341.234309865544	1200	47.10822022514223	0.0	587236	2381.775973002653	1.146352	1.2
22343.769073564916	1200	48.57345652577085	0.0	590335	2534.7636993713795	1.0246725	1.2
22349.915872217953	1200	46.42665787273622	0.0	696376	6146.798653034633	0.85534453	1.2
22353.789881534864	1200	46.5526485558274	0.0	487160	3874.009316908819	0.4823407	1.2
22358.362449873654	1200	45.980080217039884	0.0	622896	4572.568338787515	0.4920529	1.2
22363.585085205246	1200	44.75744488544735	0.0	641447	5222.635331592532	0.39330226	1.2
22369.884893611117	1200	42.45763647957519	0.0	570392	6299.808405872158	0.4244454	1.2
22377.598270743823	1200	38.744259346868844	0.0	620283	7713.377132706354	0.31812668	1.2
22383.3115390226	1200	37.03099106809243	0.0	584349	5713.268278776408	0.34589902	1.2
22389.942188753063	1200	34.40034133763245	0.0	670129	6630.64973045999	0.28237644	1.2
22395.69863977985	1200	32.643890310840945	0.0	690253	5756.451026791502	0.42089644	1.2
22401.114379018054	1200	31.22815107263819	0.0	598727	5415.739238202756	0.41412696	1.2
22404.816402049157	1200	31.526128041533315	0.0	487812	3702.023031104873	0.5776435	1.2
22409.85630432138	1200	30.486225769314352	0.0	575591	5039.902272218967	0.6996672	1.2
22413.832842848024	1200	30.509687242666285	0.0	605884	3976.538526648067	0.5348768	1.2
22419.99039130747	1200	28.352138783222973	0.0	587506	6157.548459443313	0.5710057	1.2
22427.30458697084	1200	25.03794311985124	0.0	566904	7314.195663371735	0.5891938	1.2
22432.63598660638	1200	23.706543484311695	0.0	641452	5331.399635539545	0.5626945	1.2
22436.88481266316	1200	23.457717427530124	0.0	599477	4248.826056781572	0.6371883	1.2
22443.091000644265	1200	21.251529446428197	0.0	634861	6206.187981101926	0.5086684	1.2
22447.522042907607	1200	20.820487183084413	0.0	630203	4431.042263343785	0.57849014	1.2
22454.019797125246	1200	18.32273296544627	0.0	638661	6497.754217638143	0.645141	1.2
22461.80871144104	1200	14.533818649653622	0.0	538612	7788.914315792649	0.81287277	1.2
22467.44416440112	1200	12.898365689572886	0.0	550906	5635.4529600807355	0.85254836	1.2

