14395.252224174803	750	4.0	2.600378850967279	450283	2600.378850967279	0.58930516	-10.431629059159299
14397.206309612504	750	6.045914562300093	0.0	398865	1954.0854376999066	0.55423117	0.75
14399.071176729682	750	8.181047445122672	0.0	350812	1864.86711717742	0.7070161	0.75
14401.786429402166	750	9.465794772638933	0.0	382355	2715.2526724837385	0.66392326	0.75
14404.845571465961	750	10.406652708842687	0.0	411561	3059.142063796247	0.4365567	0.75
14408.332229716209	750	10.919994458596554	0.0	318564	3486.6582502461342	0.6797373	0.75
14410.686060950278	750	12.56616322452772	0.0	352642	2353.831234068834	0.33763117	0.75
14414.686438158986	750	12.565786015819768	0.0	437162	4000.3772087079524	0.34528488	0.75
14418.647444916247	750	12.604779258559397	0.0	374758	3961.0067572603703	0.41812173	0.75
14421.312642028655	750	13.939582146149476	0.0	362795	2665.1971124099205	0.28282738	0.75
14424.215574143445	750	15.036650031359958	0.0	353220	2902.9321147895184	0.27049524	0.75
14427.415430379671	750	15.836793795133628	0.0	405134	3199.8562362263287	0.28889894	0.75
14430.220640742697	750	17.031583432108746	0.0	386351	2805.210363024884	0.2624216	0.75
14435.837344499907	750	15.41487967489982	0.0	434409	5616.703757208926	0.28352445	0.75
14443.495633170938	750	11.756591003868998	0.0	337059	7658.288671030822	0.4438224	0.75
14447.55676004271	750	11.695464132097134	0.0	366214	4061.126871771862	0.56250983	0.75
14451.022246122715	750	12.229978052093523	0.0	360831	3465.4860800036117	0.28617507	0.75
14456.47905069499	750	10.773173479817212	0.0	372963	5456.804572276312	0.30347198	0.75
14459.772862149437	750	11.47936202537102	0.0	405596	3293.811454446191	0.5462053	0.75
14462.077115114009	750	13.175109060799805	0.0	350713	2304.2529645712148	0.36880186	0.75
14464.20873655169	750	15.04348762311745	0.0	386472	2131.6214376823546	0.4347986	0.75
14466.54533310268	750	16.70689107212663	0.0	399894	2336.596550990819	0.670393	0.75
14469.390601405385	750	17.86162276942417	0.0	401853	2845.2683027024596	0.72184545	0.75
14472.6828660649	750	18.569358109908553	0.0	343800	3292.2646595156148	0.5959668	0.75
14475.605768406775	750	19.64645576803483	0.0	359903	2922.9023418737247	0.42599136	0.75
14478.264060728676	750	20.98816344613367	0.0	379700	2658.2923219011604	0.58896685	0.75
14480.73869497731	750	22.513529197500798	0.0	425781	2474.634248632872	0.63893384	0.75
14482.31323504467	750	24.938989130138296	0.0	277716	1574.5400673625024	0.98066354	0.75
14484.380522815061	750	26.871701359747284	0.0	400396	2067.287770391011	0.9720944	0.75
14488.68655076472	1200	26.565673410089794	0.0	641447	4306.02794965749	0.9760641	0.75
14492.360935718421	1200	26.891288456387322	0.0	570392	3674.3849537024685	0.288427	1.2
14496.074402771237	1200	27.177821403571123	0.0	620283	3713.467052816199	0.26891488	1.2
14501.018870681846	1200	26.233353492960386	0.0	584349	4944.4679106107415	0.3571923	1.2
14504.1162726837	1200	27.135951491108514	0.0	670129	3097.4020018518713	0.22247103	1.2
14509.26541970028	1200	25.986804474527382	0.0	690253	5149.147016581131	0.41275945	1.2
14513.98325214303	1200	25.268972031776524	0.0	598727	4717.8324427508605	0.3607734	1.2
14518.661202857957	1200	24.59102131685157	0.0	487812	4677.950714924956	0.56906426	1.2
14522.507668762959	1200	24.744555411848637	0.0	575591	3846.4659050029322	0.39798927	1.2
14525.363639884914	1200	25.888584289894915	0.0	605884	2855.97112195372	0.44593155	1.2
14528.19265571679	1200	27.059568458018532	0.0	587506	2829.0158318763833	0.64782125	1.2
14531.03458448263	1200	28.217639692179144	0.0	566904	2841.928765839386	0.84929645	1.2
14533.787643375981	1200	29.46458079882561	0.0	641452	2753.0588933535314	0.7411946	1.2
14536.333829233869	1200	30.918394940938565	0.0	599477	2546.18585788705	1.0832987	1.2
14538.60595132379	1200	32.64627285101634	0.0	634861	2272.1220899222258	1.1306207	1.2
14546.089131364366	4300	29.163092810440133	0.0	2124950	7483.180040576206	1.2836382	1.1999999999999997
14553.555417589292	4300	25.696806585514285	0.0	2246506	7466.286224925849	0.13846241	4.3
14559.962918654634	4300	23.289305520173176	0.0	1961140	6407.50106534111	0.11173186	4.3
14566.906625761218	4300	20.34559841358831	0.0	2155012	6943.707106584869	0.17690794	4.3

