360.42619866152546	750	4.0	6.212365695121308	450283	6212.365695121308	0.88160706	-25.963172489021623
361.9332879155405	300	6.492910745984942	0.0	155580	1507.089254015058	0.31119087	-0.15000000000000002
363.50283541613817	300	8.923363245387266	0.0	139857	1569.547500597674	0.34757054	0.3
366.88581663874123	300	9.54038202278418	0.0	155432	3382.981222603087	0.3273967	0.3
369.2917896807859	300	11.134408980739513	0.0	163442	2405.973042044665	0.14841312	0.3
370.69361877739743	300	13.732579884127976	0.0	126289	1401.8290966115378	0.2656566	0.3
372.40336482620285	300	16.02283383532257	0.0	153295	1709.746048805408	0.2926361	0.3
374.92525138996336	300	17.50094727156205	0.0	173849	2521.88656376052	0.26828936	0.3
377.1200817600197	300	19.306116901505767	0.0	150710	2194.830370056284	0.32493326	0.3
378.8364637178615	300	21.589734943663952	0.0	139105	1716.3819578418154	0.26766494	0.3
380.50101997645817	300	23.925178685067262	0.0	141840	1664.5562585966907	0.433139	0.3
382.678539631945	300	25.747659029580376	0.0	156148	2177.5196554868867	0.35433406	0.3
384.125412815249	300	28.30078584627639	0.0	160746	1446.8731833039867	0.40025795	0.3
385.41383624210835	300	31.012362419417016	0.0	179801	1288.4234268593748	0.67513084	0.3
387.5644533446003	750	32.86174531692512	0.0	337059	2150.6171024918935	1.0562469	0.3
390.3939288894719	750	34.03226977205348	0.0	366214	2829.4755448716382	0.6863685	0.75
393.7650176862933	750	34.66118097523214	0.0	360831	3371.0887968213397	0.57006896	0.75
400.2550157550905	750	32.17118290643499	0.0	372963	6489.998068797152	0.58345485	0.75
407.35539166996944	750	29.070806991556044	0.0	405596	7100.375914878946	0.30019575	0.75
416.0883397783244	750	24.33785888320113	0.0	350713	8732.948108354916	0.31782398	0.75
424.8680433836846	750	19.55815527784088	0.0	386472	8779.703605360253	0.624843	0.75
428.3089391285732	750	20.117259532952296	0.0	399894	3440.89574488858	0.7047154	0.75
431.8051982508032	750	20.621000410722306	0.0	401853	3496.2591222299893	0.5189922	0.75
434.8209655841526	750	21.605233077372866	0.0	343800	3015.7673333494436	0.50849557	0.75
437.8724609149365	750	22.553737746588954	0.0	359903	3051.4953307839087	0.56213236	0.75
441.00258032064505	750	23.423618340880406	0.0	379700	3130.119405708547	0.42758667	0.75
444.73961774173404	750	23.686580919791467	0.0	425781	3737.0374210889395	0.21400174	0.75
447.47544792702183	750	24.950750734503643	0.0	277716	2735.830185287823	0.29825974	0.75
453.8989041485235	750	22.527294513001944	0.0	400396	6423.4562215017	0.4124079	0.75
465.041043296446	750	15.385155365079473	0.0	400508	11142.13914792247	0.505855	0.75
475.9692080859468	750	8.456990575578642	0.0	358218	10928.164789500832	0.8154955	0.75
479.8800306482791	300	8.54616801324633	0.0	157488	3910.822562332313	0.41138446	-0.15000000000000002
482.33323777322977	300	10.092960888295673	0.0	143881	2453.2071249506575	0.14759508	0.3
484.75428815272005	300	11.671910508805427	0.0	163444	2421.0503794902447	0.16240358	0.3
487.5526587679949	300	12.873539893530564	0.0	179328	2798.370615274864	0.21735524	0.3
489.72439624842036	300	14.701802413105096	0.0	159914	2171.7374804254696	0.19185561	0.3
492.418508173991	300	16.007690487534468	0.0	131610	2694.1119255706258	0.5184606	0.3
495.09428102704703	300	17.33191763447845	0.0	124011	2675.772853056018	0.21402526	0.3
497.45961949169043	300	18.966579169835025	0.0	144254	2365.338464643424	0.32486123	0.3
499.7195487045454	300	20.70664995698007	0.0	149991	2259.9292128549573	0.49193466	0.3
501.77812239267547	300	22.648076268849916	0.0	147968	2058.573688130154	0.7107165	0.3
503.9501742558412	300	24.47602440568425	0.0	161857	2172.051863165665	0.81761	0.3
507.5746494001531	300	24.851549261372345	0.0	145210	3624.4751443119067	1.160782	0.3
510.4577866745196	300	25.968411987005847	0.0	172312	2883.1372743664974	0.578999	0.3
513.1497062262314	300	27.276492435294095	0.0	167025	2691.919551711753	1.0428331	0.3
515.5786940385839	300	28.84750462294161	0.0	160064	2428.9878123524813	1.1065732	0.3
516.9346916987834	300	31.491506962742125	0.0	137507	1355.9976601994863	1.4751318	0.3
524.8366772380444	1850	27.58952142348101	0.0	846370	7901.985539261117	1.5869793	0.30000000000000004

