21394.45825639455	750	4.0	3.995068697861578	450283	3995.068697861578	0.8893281	-16.428795400804784
21395.95052848188	300	6.507727912669612	0.0	155580	1492.2720873303876	0.716506	-0.15000000000000002
21397.222624535945	300	9.235631858607427	0.0	139857	1272.0960540621852	0.3948957	0.3
21398.63740748748	300	11.820848907070088	0.0	155432	1414.7829515373378	0.61894596	0.3
21400.182828897774	300	14.27542749677892	0.0	163442	1545.4214102911674	0.6249425	0.3
21401.229781956998	300	17.228474437554695	0.0	126289	1046.9530592242274	0.77452356	0.3
21402.47698371917	300	19.98127267538223	0.0	153295	1247.201762172467	0.7893356	0.3
21403.952362904674	300	22.505893489876183	0.0	173849	1475.379185506045	0.7967377	0.3
21405.25936366154	300	25.19889273301395	0.0	150710	1307.0007568622354	0.9599313	0.3
21406.432744945727	300	28.02551144882591	0.0	139105	1173.3812841880376	0.93979096	0.3
21409.7027316048	750	28.75552478975241	0.0	353220	3269.986659073499	0.9746029	0.3
21415.41103887279	750	27.04721752176084	0.0	405134	5708.307267991572	0.4301505	0.75
21422.696157139886	750	23.762099254664914	0.0	386351	7285.118267095923	0.25828463	0.75
21428.681029968586	750	21.777226425965143	0.0	434409	5984.872828699773	0.41334948	0.75
21432.838846004353	750	21.619410390198908	0.0	337059	4157.816035766235	0.33942482	0.75
21436.925920150086	750	21.53233624446594	0.0	366214	4087.0741457329627	0.2538119	0.75
21440.48332213812	750	21.97493425643124	0.0	360831	3557.401988034704	0.27188253	0.75
21443.90287274164	750	22.55538365291122	0.0	372963	3419.5506035200206	0.38041997	0.75
21448.51367714902	750	21.944579245528914	0.0	405596	4610.8044073823075	0.32534465	0.75
21453.242897608197	750	21.215358786351135	0.0	350713	4729.220459177778	0.18503569	0.75
21460.478255742986	750	17.980000651562246	0.0	386472	7235.358134788886	0.28192925	0.75
21466.897132794547	750	15.561123600001787	0.0	399894	6418.877051560461	0.5370663	0.75
21472.784147718085	750	13.67410867646758	0.0	401853	5887.014923534209	0.5776829	0.75
21482.500189958315	750	7.958066436234962	0.0	343800	9716.042240232617	0.5608789	0.75
21486.388402891942	300	8.069853502609346	0.0	146754	3888.2129336256157	0.28232855	-0.15000000000000002
21490.41603663456	300	8.042219759989942	0.0	153938	4027.633742619403	0.065155946	0.3
21494.93955484269	300	7.518701551857613	0.0	181901	4523.51820813233	0.05302515	0.3
21497.2778018844	300	9.18045451014815	0.0	111155	2338.2470417094623	0.06793698	0.3
21500.16865463534	300	10.289601759211108	0.0	153605	2890.852750937043	0.052238822	0.3
21504.02725284158	300	10.4310035529697	0.0	149029	3858.5982062414064	0.05778702	0.3
21507.45964930059	300	10.998607093961894	0.0	157421	3432.3964590078076	0.084910884	0.3
21511.669856978046	300	10.788399416509462	0.0	157488	4210.207677452434	0.08653965	0.3
21515.36093148495	300	11.097324909604707	0.0	143881	3691.074506904753	0.12517779	0.3
21518.70474568268	300	11.753510711873812	0.0	163444	3343.814197730894	0.074709184	0.3
21522.12468927312	300	12.333567121429667	0.0	179328	3419.9435904441457	0.124400824	0.3
21524.895117812794	300	13.563138581758674	0.0	159914	2770.4285396709924	0.13630751	0.3
21526.9181537915	300	15.540102603055406	0.0	131610	2023.0359787032692	0.31579784	0.3
21528.686194713282	300	17.772061681270426	0.0	124011	1768.0409217849822	0.2502617	0.3
21531.35609063731	300	19.102165757243682	0.0	144254	2669.895924026741	0.46001709	0.3
21534.918882104546	300	19.539374290008627	0.0	149991	3562.791467235053	0.4292668	0.3
21539.25531645712	300	19.202939937431566	0.0	147968	4336.434352577065	0.4345191	0.3
21541.96067646049	300	20.497579934064376	0.0	161857	2705.3600033671905	0.30461794	0.3
21544.100282322466	300	22.357974072086396	0.0	145210	2139.605861977981	0.71630144	0.3
21546.473416435707	300	23.984839958845335	0.0	172312	2373.13411324106	0.7672664	0.3
21548.408274050682	300	26.049982343870294	0.0	167025	1934.8576149750393	1.1649506	0.3
21549.841476477806	300	28.616779916747156	0.0	160064	1433.2024271231369	1.4473857	0.3
21557.3776784951	1850	25.0805778994525	0.0	830730	7536.202017294658	1.6453104	0.30000000000000004
21564.134996487537	1850	22.32325990701729	0.0	846370	6757.317992435207	0.28712922	1.85

