15263.81575727047	750	4.0	5.057839080863765	450283	5057.839080863765	0.41642392	-20.99870804771419
15265.246494785524	300	6.569262484946178	0.0	155580	1430.7375150538228	0.5107274	-0.15000000000000002
15266.645083021363	300	9.170674249107659	0.0	139857	1398.5882358385181	0.41094798	0.3
15268.090061034023	300	11.72569623644636	0.0	155432	1444.9780126612982	0.46431422	0.3
15269.738301162117	300	14.077456108354035	0.0	163442	1648.2401280923232	0.5651431	0.3
15271.017102888032	300	16.798654382437846	0.0	126289	1278.8017259161916	0.6376537	0.3
15272.34443575827	300	19.471321512200717	0.0	153295	1327.332870237129	0.6047	0.3
15273.98916350078	300	21.826593769691208	0.0	173849	1644.7277425095092	0.7087711	0.3
15275.429478993698	300	24.386278276774544	0.0	150710	1440.3154929166644	0.8338691	0.3
15276.669609297423	300	27.14614797304884	0.0	139105	1240.1303037257042	0.84505355	0.3
15277.909393952761	300	29.90636331771098	0.0	141840	1239.7846553378602	0.9057935	0.3
15279.319949885781	300	32.4958073846902	0.0	156148	1410.555933020776	0.95208424	0.3
15280.862833318855	300	34.952923951616775	0.0	160746	1542.8834330734294	0.95553875	0.3
15282.497146906444	300	37.31861036402842	0.0	179801	1634.3135875883556	0.91111124	0.3
15283.657130891608	300	40.15862637886513	0.0	140051	1159.9839851632914	0.9980024	0.3
15284.840573315489	300	42.97518395498592	0.0	138313	1183.4424238792076	1.0063728	0.3
15286.128357416083	300	45.68739985439266	0.0	143509	1287.7841005932637	0.9747223	0.3
15287.577478130013	300	48.238279140461266	0.0	150616	1449.120713931394	0.95313287	0.3
15289.317551270786	300	50.498205999688174	0.0	165384	1740.0731407730914	0.9115615	0.3
15290.979476802742	300	52.83628046773217	0.0	140881	1661.9255319559943	0.9135119	0.3
15293.038209629221	300	54.77754764125382	0.0	157671	2058.732826478357	0.81778073	0.3
15295.318843099554	300	56.49691417092053	0.0	157812	2280.633470333283	0.77488667	0.3
15296.897318243806	300	58.91843902667095	0.0	163927	1578.4751442495822	0.6716227	0.3
15299.342781780602	300	59.565407275818075	0.0	137654	1353.031750852875	0.7586975	0.3
15302.213252983714	300	59.74638758153496	0.0	146754	1319.01969428312	0.7518039	0.3
15304.648008152066	300	59.614735775624126	0.0	153938	1631.6518059108378	0.77672035	0.3
15307.6545274734	300	59.50802776282704	0.0	181901	1606.7080127970873	0.8279275	0.3
15309.949176180118	300	59.90560905418643	0.0	111155	1602.4187086406155	0.959779	0.3
15312.227409267209	300	59.942607514429724	0.0	153605	1963.001539756706	0.7291169	0.3
15315.992694797616	300	59.6275804513927	0.0	149029	2315.027063037022	0.84083503	0.3
15318.639552887998	300	59.95928066848752	0.0	157421	2168.2997829051756	0.8684758	0.3
15320.822947869236	300	59.92186235065664	0.0	157488	2037.4183178308858	0.872924	0.3
15323.535238059021	300	59.83870559701733	0.0	143881	1083.1567536393068	1.0140876	0.3
15325.761919020544	300	59.93993189157866	0.0	163444	1398.7737054386753	1.3239734	0.3
15328.833870466318	300	59.71790973473436	0.0	179328	2222.022156844293	1.3266976	0.3
15330.709404094468	300	59.710107522172954	0.0	159914	1507.8022125614045	1.1638541	0.3
15334.425463209609	300	59.88094366289854	0.0	131610	1329.1638592744218	1.5217905	0.3
15336.425357181033	300	59.949444386169276	0.0	124011	1431.4992767292542	1.3910227	0.3
15337.910666933016	300	59.745986814626136	0.0	144254	1203.4575715431436	1.4335506	0.3
15339.31076987427	300	59.5118614436179	0.0	149991	1234.1253710082296	1.654324	0.3
15345.040040936716	1200	57.78259038117159	0.0	566904	5729.271062446312	1.7028909	0.29999999999999993
15375.495814839229	4300	31.3268164786592	0.0	2184571	30455.773902512392	1.0409867	1.1999999999999997
15385.093416538506	1850	25.72921477938213	0.0	886255	9597.601699277071	1.0047	-0.6000000000000001
15400.516027775235	1850	14.306603542652915	0.0	973972	15422.611236729212	0.99015194	1.85
15406.722214408333	750	12.10041690955473	0.0	398987	6206.1866330981875	0.9815957	-0.3500000000000001
15413.323268097975	750	9.499363219914741	0.0	393804	6601.053689639988	0.5510898	0.75
15418.385504398764	750	8.437126919124097	0.0	331053	5062.236300790644	1.2090962	0.75
15422.515220376268	750	8.307410941621518	0.0	314107	4129.715977502579	1.1148479	0.75

