4000.939429350956	750	4.0	1.6438931885945212	450283	1643.8931885945212	0.55889606	-6.31874071095644
4002.6503540861604	750	6.289075264795886	0.0	398865	1710.924735204114	0.8351083	0.75
4004.417201744475	750	8.52222760648134	0.0	350812	1766.847658314546	0.79902637	0.75
4006.0778228541376	750	10.86160649681881	0.0	382355	1660.6211096625318	0.8213343	0.75
4008.045186695282	750	12.894242655674041	0.0	411561	1967.3638411447678	0.81569254	0.75
4011.441029382201	1200	13.498399968755665	0.0	520315	3395.842686918376	0.9058082	0.75
4014.2906809608685	1200	14.648748390087864	0.0	561791	2849.6515786678005	0.158859	1.2
4017.1929151243125	1200	15.746514226643791	0.0	709534	2902.2341634440727	0.16008015	1.2
4019.8159406033083	1200	17.123488747647986	0.0	584846	2623.025478995803	0.2568179	1.2
4022.0336852531505	1200	18.90574409780626	0.0	560821	2217.7446498417257	0.29466486	1.2
4024.5185115652484	1200	20.420917785708216	0.0	607410	2484.8263120980414	0.39867336	1.2
4027.129144355015	1200	21.81028499594188	0.0	594078	2610.6327897663346	0.33761013	1.2
4029.7894634174186	1200	23.149965933537878	0.0	624282	2660.3190624040044	0.32199576	1.2
4034.452052908343	1200	22.48737644261374	0.0	687371	4662.589490924138	0.28542465	1.2
4038.0956926450635	1200	22.84373670589296	0.0	526950	3643.6397367207805	0.22947954	1.2
4041.8474502821878	1200	23.09197906876892	0.0	587876	3751.757637124042	0.19962105	1.2
4045.7660529646387	1200	23.173376386318036	0.0	617242	3918.602682450885	0.19284737	1.2
4049.366433007002	1200	23.572996343954777	0.0	581493	3600.380042363258	0.17575677	1.2
4054.998963582715	1200	21.94046576824152	0.0	639204	5632.530575713258	0.17392066	1.2
4059.6533362104533	1200	21.28609314050294	0.0	586839	4654.372627738582	0.16124797	1.2
4065.808130779033	1200	19.13129857192321	0.0	601738	6154.794568579728	0.14575411	1.2
4069.3443771810535	1200	19.59505216990269	0.0	616206	3536.24640202052	0.30209792	1.2
4072.1708272378614	1200	20.76860211309515	0.0	656471	2826.4500568075405	0.19816718	1.2
4073.8607110894	1200	23.07871826155629	0.0	536667	1689.883851538861	0.30252382	1.2
4075.7825931916063	1200	25.156836159349705	0.0	587236	1921.8821022065806	0.6163002	1.2
4079.18670614797	1200	25.752723202985802	0.0	590335	3404.1129563639033	0.50639164	1.2
4084.350898626934	1200	24.588530724021943	0.0	696376	5164.192478963858	0.3359564	1.2
4086.754667825965	1200	26.184761524990414	0.0	487160	2403.7691990315325	0.431085	1.2
4089.9278823802847	1200	27.011546970670775	0.0	622896	3173.2145543196402	0.39412653	1.2
4091.8438878654993	1200	29.095541485456636	0.0	641447	1916.005485214135	0.38526022	1.2
4093.831738182351	1200	31.1076911686048	0.0	570392	1987.8503168518398	1.0416496	1.2
4096.355525515099	1200	32.58390383585724	0.0	620283	2523.787332747557	0.9291601	1.2
4098.823936572548	1200	34.115492778408424	0.0	584349	2468.4110574488195	0.890654	1.2
4101.489429195104	1200	35.45000015585222	0.0	670129	2665.4926225562044	0.65831256	1.2
4104.126031965278	1200	36.813397385677966	0.0	690253	2636.6027701742555	0.94150937	1.2
4106.445544672618	1200	38.49388467833831	0.0	598727	2319.512707339652	1.1361496	1.2
4108.128582886377	1200	40.810846464578084	0.0	487812	1683.0382137602276	1.3821527	1.2
4114.269708550419	4300	38.66972080053719	0.0	2147467	6141.12566404089	1.3648596	1.1999999999999997
4120.961385311738	4300	35.97804403921784	0.0	2133870	6691.67676131935	0.12602524	4.3
4128.964064108205	4300	31.97536524275081	0.0	2146120	8002.678796467031	0.14234595	4.3
4158.558853133991	4300	6.38057621696539	0.0	2108491	29594.789025785423	0.19143847	4.3
4174.781570040676	750	4.0	9.842140689720923	384505	16222.716906686313	1.0682657	-45.12120496579996
4180.810910559098	300	4.0	2.029340518421669	145210	6029.340518421669	0.3811346	-8.876164229213176
4187.654319661147	300	4.0	2.8434091020485557	172312	6843.409102048556	0.059770785	-11.926659138808787
4193.922899782105	300	4.0	2.2685801209576977	167025	6268.5801209576975	0.04956056	-9.4548945201181
4199.693460080186	300	4.0	1.7705602980808044	160064	5770.560298080804	0.08615549	-7.313409281747459
4205.393923093273	300	4.0	1.7004630130869856	137507	5700.4630130869855	0.08186141	-7.011990956274038
4210.244290472451	300	4.0	0.8503673791784641	118421	4850.367379178464	0.048153546	-3.3565797304673954

