15424.128444524324	750	4.0	1.6132241480558394	450283	1613.2241480558394	0.5367322	-6.186863836640109
15425.689896326561	750	6.438548197762211	0.0	398865	1561.4518022377888	0.8454536	0.75
15427.387343827764	750	8.741100696558858	0.0	350812	1697.4475012033529	0.8820492	0.75
15429.059534265916	750	11.068910258404797	0.0	382355	1672.1904381540605	0.8739877	0.75
15430.970927584214	750	13.15751694010805	0.0	411561	1911.3933182967492	0.8229423	0.75
15433.2545228777	1200	14.873921646621536	0.0	520315	2283.5952934865118	0.89436316	0.75
15435.662792062896	1200	16.465652461426295	0.0	561791	2408.2691851952395	0.24813057	1.2
15437.907987125596	1200	18.22045739872643	0.0	709534	2245.1950626998646	0.20786178	1.2
15439.652772055291	1200	20.47567246903233	0.0	584846	1744.7849296941038	0.51492816	1.2
15441.381182587134	1200	22.74726193718973	0.0	560821	1728.4105318425984	0.6407696	1.2
15443.436169758206	1200	24.692274766117382	0.0	607410	2054.9871710723496	0.7532879	1.2
15446.109681255251	1200	26.018763269072682	0.0	594078	2673.5114970446975	0.58728576	1.2
15448.86658572727	1200	27.261858797053225	0.0	624282	2756.9044720194584	0.45211798	1.2
15452.035398677526	1200	28.09304584679741	0.0	687371	3168.8129502558136	0.39955744	1.2
15454.717566238518	1200	29.410878285804976	0.0	526950	2682.1675609924305	0.545133	1.2
15459.69702768833	1200	28.43141683599381	0.0	587876	4979.461449811165	0.49037555	1.2
15464.04614146342	1200	28.08230306090488	0.0	617242	4349.113775088931	0.20997457	1.2
15469.040738445896	1200	27.08770607842828	0.0	581493	4994.596982476601	0.2029045	1.2
15475.051209264946	1200	25.077235259379822	0.0	639204	6010.470819048456	0.12813477	1.2
15479.34108224906	1200	24.787362275265437	0.0	586839	4289.872984114386	0.16973452	1.2
15482.77062702727	1200	25.35781749705623	0.0	601738	3429.5447782092037	0.17429101	1.2
15485.96928157864	1200	26.159162945685285	0.0	616206	3198.6545513709466	0.27961963	1.2
15489.17990069203	1200	26.948543832293765	0.0	656471	3210.6191133915213	0.23504393	1.2
15492.527096268788	1200	27.60134825553625	0.0	536667	3347.195576757518	0.2625358	1.2
15501.65342638005	1200	22.475018144274667	0.0	587236	9126.33011126158	0.29624474	1.2
15506.175087136495	1200	21.953357387830785	0.0	590335	4521.660756443885	0.32944003	1.2
15511.216312142533	1200	20.912132381792038	0.0	696376	5041.225006038746	0.22217089	1.2
15513.675770240774	1200	22.45267428355064	0.0	487160	2459.4580982414	0.23069979	1.2
15515.77577307157	1200	24.352671452755903	0.0	622896	2100.002830794734	0.35942745	1.2
15517.804338262738	1200	26.32410626158656	0.0	641447	2028.565191169344	0.51100713	1.2
15520.05474962063	1200	28.073694903693635	0.0	570392	2250.4113578929255	0.6784236	1.2
15522.21373974147	1200	29.914704782854123	0.0	620283	2158.990120839512	0.43258503	1.2
15524.007627936342	1200	32.1208165879828	0.0	584349	1793.8881948713195	0.8621352	1.2
15525.828598703998	1200	34.29984582032798	0.0	670129	1820.9707676548194	0.95912504	1.2
15527.417503862336	1200	36.71094066198928	0.0	690253	1588.9051583387047	1.2998152	1.2
15533.746829581085	4300	34.38161494324084	0.0	2143948	6329.325718748436	1.1304435	1.1999999999999997
15541.943297248596	4300	30.185147275729264	0.0	1919781	8196.467667511579	0.10072479	4.3
15556.019458807134	4300	20.10898571719317	0.0	2147467	14076.161558536092	0.21114144	4.3
15565.37862138179	4300	14.749823142536027	0.0	2133870	9359.162574657146	0.9704207	4.3
15574.45413564511	4300	9.674308879214761	0.0	2146120	9075.514263321265	1.2471933	4.3
15578.174762863602	1850	9.953681660721893	0.0	858450	3720.6272184928666	1.304409	-0.6000000000000001
15581.880278068385	1850	10.248166455938213	0.0	1025005	3705.5152047836796	0.6677433	1.85
15585.234300725362	1850	10.89414379896319	0.0	886255	3354.0226569750225	0.6224518	1.85
15588.706510006496	1850	11.421934517829378	0.0	973972	3472.2092811338143	0.43150735	1.85
15592.15206911637	1850	11.976375407955695	0.0	958994	3445.5591098736827	0.4908967	1.85
15595.132320195276	1850	12.996124329048158	0.0	982064	2980.2510789075363	0.45512325	1.85
15597.498139945597	1850	14.63030457872711	0.0	830730	2365.819750321049	0.9771743	1.85
15600.291333055131	1850	15.837111469192642	0.0	846370	2793.193109534467	1.0540267	1.85

