19285.52438063724	750	4.0	2.287148895543779	450283	2287.148895543779	0.8788837	-9.084740250838248
19287.94223238498	750	5.582148252258925	0.0	398865	2417.8517477410755	0.5968508	0.75
19289.791185009017	750	7.733195628221291	0.0	350812	1848.9526240376335	0.5750315	0.75
19291.790257877044	750	9.734122760194085	0.0	382355	1999.072868027208	0.6564437	0.75
19293.72518943178	750	11.79919120545749	0.0	411561	1934.9315547365961	0.65619045	0.75
19296.259750400197	1200	13.264630237044143	0.0	520315	2534.5609684133474	0.9120267	0.75
19300.61955489368	1200	12.90482574356067	0.0	561791	4359.8044934834725	0.22248642	1.2
19309.179183141176	1200	8.345197496063143	0.0	709534	8559.628247497527	0.3558632	1.2
19321.42662143155	1200	4.0	3.90224079431264	584846	12247.438290375783	0.94506824	-15.579635415544352
19324.4086051468	300	5.018016284752337	0.0	139105	2981.9837152476634	0.5624778	-0.6000000000000001
19326.998665652518	300	6.4279557790349005	0.0	141840	2590.0605057174366	0.15493684	0.3
19329.63557710495	300	7.791044326605416	0.0	156148	2636.9114524294846	0.13216572	0.3
19332.2328340843	300	9.193787347251467	0.0	160746	2597.2569793539483	0.24816135	0.3
19334.90389608405	300	10.522725347502055	0.0	179801	2671.061999749413	0.119645335	0.3
19336.831823052613	300	12.594798378942647	0.0	140051	1927.9269685594086	0.15911128	0.3
19338.817711192743	300	14.60891023881051	0.0	138313	1985.8881401321353	0.12858701	0.3
19340.34004073078	300	17.086580700770686	0.0	143509	1522.329538039824	0.1824484	0.3
19342.755925626378	300	18.670695805174276	0.0	150616	2415.884895596407	0.4555967	0.3
19344.377903516444	300	21.04871791510828	0.0	165384	1621.9778900659949	0.23785067	0.3
19347.160984356473	300	22.265637075079685	0.0	140881	2783.080840028598	0.7515701	0.3
19350.80438461081	300	22.622236820746057	0.0	157671	3643.400254333627	0.30961674	0.3
19353.922464032923	300	23.504157398634074	0.0	157812	3118.079422111984	0.31799522	0.3
19358.24285781076	300	23.183763620794497	0.0	163927	4320.393777839576	0.24856289	0.3
19361.1794470178	300	24.247174413755406	0.0	137654	2936.589207039092	0.26144677	0.3
19363.981086113174	300	25.445535318382	0.0	146754	2801.639095373405	0.21186568	0.3
19367.747380984856	300	25.67924044669645	0.0	153938	3766.2948716855517	0.15903497	0.3
19372.405291961066	300	25.021329470486418	0.0	181901	4657.910976210033	0.13359955	0.3
19374.707882189934	300	26.718739241618696	0.0	111155	2302.5902288677207	0.20751607	0.3
19377.256992260758	300	28.169629170792376	0.0	153605	2549.110070826318	0.10430236	0.3
19378.639444260938	300	30.78717717061215	0.0	149029	1382.4520001802268	0.16494687	0.3
19380.052113325513	300	33.37450810603536	0.0	157421	1412.6690645767906	0.90726167	0.3
19381.41197962754	300	36.01464180400545	0.0	157488	1359.866302029907	0.9591623	0.3
19382.499840673958	300	38.92678075759031	0.0	143881	1087.8610464151452	1.1866667	0.3
19385.244623622835	750	40.18199780871141	0.0	412837	2744.7829488788966	1.260158	0.3
19387.932444442933	750	41.49417698861613	0.0	401088	2687.820820095269	0.93821996	0.75
19391.628618876468	1200	41.79800255507979	0.0	598727	3696.174433536347	1.0758133	0.75
19394.499986142117	1200	42.92663528943054	0.0	487812	2871.3672656492395	1.0455198	1.2
19397.87460487921	1200	43.55201655234155	0.0	575591	3374.6187370889998	0.9014449	1.2
19403.778795567556	1200	41.647825863993305	0.0	605884	5904.1906883482425	0.9831799	1.2
19408.376675472173	1200	41.04994595937652	0.0	587506	4597.879904616782	0.6603135	1.2
19414.440690255156	1200	38.98593117639333	0.0	566904	6064.014782983192	0.776723	1.2
19419.818124198613	1200	37.608497232937836	0.0	641452	5377.4339434554895	0.6113931	1.2
19425.149819698185	1200	36.2768017333642	0.0	599477	5331.695499573634	0.7963091	1.2
19430.802000661915	1200	34.62462076963025	0.0	634861	5652.180963733961	0.69832015	1.2
19440.51346053201	1200	28.913160899537594	0.0	630203	9711.459870092649	0.8319965	1.2
19451.463012736363	1200	21.963608695180795	0.0	638661	10949.552204356798	0.770699	1.2
19460.4800317838	1200	16.94658964774552	0.0	538612	9017.019047435277	0.9132521	1.2
19464.273758461954	1200	17.152862969595628	0.0	550906	3793.726678149892	0.85778004	1.2

