3827.0919847932496	750	4.0	1.9602828539084163	450283	1960.2828539084162	0.63561404	-7.67921627180619
3829.2766729120162	750	5.815311881233627	0.0	398865	2184.6881187663726	0.71573335	0.75
3830.8381841063947	750	8.253800686855161	0.0	350812	1561.5111943784655	0.6562762	0.75
3832.278619305848	750	10.813365487401867	0.0	382355	1440.4351994532958	0.8955543	0.75
3834.054275063413	750	13.037709729836955	0.0	411561	1775.655757564912	0.9160549	0.75
3836.345224813216	1200	14.746759980033875	0.0	520315	2290.9497498030787	0.9931226	0.75
3839.420551539643	1200	15.671433253607429	0.0	561791	3075.326726426446	0.257333	1.2
3841.7413784311975	1200	17.350606362052627	0.0	709534	2320.826891554802	0.14524812	1.2
3843.8234069890086	1200	19.268577804241627	0.0	584846	2082.0285578109974	0.44518167	1.2
3846.796893708742	1200	20.2950910845081	0.0	560821	2973.4867197335275	0.46592337	1.2
3851.569263705173	1200	19.52272108807706	0.0	607410	4772.369996431044	0.3999384	1.2
3856.7306147610925	1200	18.361370032157335	0.0	594078	5161.351055919724	0.15274253	1.2
3861.6687328977264	1200	17.42325189552382	0.0	624282	4938.118136633516	0.15653028	1.2
3867.310783534978	1200	15.78120125827198	0.0	687371	5642.050637251839	0.13928044	1.2
3872.588980020738	1200	14.503004772512321	0.0	526950	5278.196485759659	0.17953476	1.2
3876.7611043320985	1200	14.330880461151457	0.0	587876	4172.124311360866	0.3685009	1.2
3880.3680438358056	1200	14.7239409574443	0.0	617242	3606.939503707157	0.3712307	1.2
3882.793658628215	1200	16.29832616503487	0.0	581493	2425.614792409429	0.21155387	1.2
3885.9895025509168	1200	17.10248224233317	0.0	639204	3195.843922701697	0.27997494	1.2
3888.526110148602	1200	18.56587464464758	0.0	586839	2536.6075976855927	0.27138156	1.2
3891.602587827523	1200	19.48939696572646	0.0	601738	3076.4776789211155	0.31874034	1.2
3895.0616046653363	1200	20.030380127913283	0.0	616206	3459.0168378131793	0.2491562	1.2
3898.404221918499	1200	20.687762874750256	0.0	656471	3342.617253163026	0.2177548	1.2
3901.6231174788445	1200	21.468867314404488	0.0	536667	3218.89556034577	0.33933115	1.2
3904.3257652538036	1200	22.76621953944536	0.0	587236	2702.647774959127	0.29300296	1.2
3906.779726869897	1200	24.312257923352057	0.0	590335	2453.9616160933037	0.37493637	1.2
3910.0791456701277	1200	25.01283912312134	0.0	696376	3299.4188002307155	0.39180225	1.2
3912.005166832047	1200	27.086817961202097	0.0	487160	1926.02116191924	0.61580604	1.2
3915.908091832381	1200	27.183892960867766	0.0	622896	3902.925000334335	0.58190536	1.2
3919.776167509621	1200	27.31581728362803	0.0	641447	3868.075677239737	0.32566056	1.2
3923.01605782136	1200	28.075926971888887	0.0	570392	3239.8903117391424	0.4422009	1.2
3925.6085306407676	1200	29.483454152481375	0.0	620283	2592.4728194075087	0.3642608	1.2
3927.989927056463	1200	31.102057736786	0.0	584349	2381.396415695373	0.6703683	1.2
3930.481617725499	1200	32.610367067749856	0.0	670129	2491.690669036151	0.6332016	1.2
3933.101003835619	1200	33.99098095762977	0.0	690253	2619.386110120087	0.83867645	1.2
3934.8299035969217	1200	36.26208119632685	0.0	598727	1728.8997613029198	0.94933665	1.2
3936.4479970689476	1200	38.643987724301084	0.0	487812	1618.0934720257655	1.3830564	1.2
3938.6192496222484	1200	40.472735171000046	0.0	575591	2171.2525533010385	1.3604454	1.2
3946.2045371563754	4300	36.88744763687304	0.0	2133870	7585.287534127006	1.3265672	1.1999999999999997
3950.8083037037823	4300	36.28368108946635	0.0	2146120	4603.766547406684	0.13218887	4.3
3956.557734983675	4300	34.534249809573886	0.0	2108491	5749.431279892465	0.07491034	4.3
3962.662575392381	4300	32.429409400867875	0.0	2184571	6104.840408706012	0.060329836	4.3
3967.981000421363	4300	31.11098437188524	0.0	2121928	5318.42502898263	0.09597285	4.3
3973.0877045391508	4300	30.00428025409787	0.0	2219102	5106.704117787373	0.15163401	4.3
3978.0611961949426	4300	29.030788598305996	0.0	2124950	4973.491655791875	0.08240645	4.3
3985.3156449242615	4300	25.776339868987126	0.0	2246506	7254.448729318873	0.15318847	4.3
3990.3300456683537	4300	24.76193912489478	0.0	1961140	5014.400744092346	0.24149925	4.3
3999.2955361623617	4300	19.79644863088714	0.0	2155012	8965.490494007638	0.23195954	4.3

