8828.355341613202	750	4.0	6.08032816050688	450283	6080.3281605068805	0.6188996	-25.395411090179586
8830.7102931136	300	5.645048499601703	0.0	155580	2354.951500398297	0.32947317	-0.15000000000000002
8832.983371927248	300	7.371969685954002	0.0	139857	2273.078813647701	0.096020885	0.3
8835.542810722092	300	8.81253089110955	0.0	155432	2559.4387948444523	0.10087162	0.3
8838.504513495462	300	9.85082811774056	0.0	163442	2961.702773368989	0.1205352	0.3
8840.54046446511	300	11.814877148093101	0.0	126289	2035.95096964746	0.14854968	0.3
8843.677710908047	300	12.677630705156039	0.0	153295	3137.2464429370616	0.12437932	0.3
8846.361178746542	300	13.994162866660107	0.0	173849	2683.4678384959343	0.06608093	0.3
8848.167050769463	300	16.188290843738397	0.0	150710	1805.8720229217085	0.13836698	0.3
8849.708945322145	300	18.646396291056924	0.0	139105	1541.894552681473	0.20594019	0.3
8851.165297375894	300	21.190044237308346	0.0	141840	1456.3520537485779	0.33086306	0.3
8852.692681166673	300	23.66266044652786	0.0	156148	1527.3837907804875	0.4187842	0.3
8854.251265242037	300	26.104076371164727	0.0	160746	1558.58407536313	0.60622746	0.3
8855.773517240668	300	28.58182437253266	0.0	179801	1522.2519986320674	0.68718725	0.3
8857.006771950719	300	31.348569662481943	0.0	140051	1233.254710050719	0.9580707	0.3
8858.250112421283	300	34.10522919191621	0.0	138313	1243.340470565731	0.9459855	0.3
8859.505425243811	300	36.84991636938744	0.0	143509	1255.3128225287712	0.9544263	0.3
8860.815058061986	300	39.54028355121467	0.0	150616	1309.632818172763	0.99542165	0.3
8862.32246380378	300	42.032877809419865	0.0	165384	1507.4057417948052	0.9950397	0.3
8863.654871975383	300	44.70046963781608	0.0	140881	1332.4081716037856	1.0085874	0.3
8865.288921971993	300	47.06641964120482	0.0	157671	1634.0499966112645	0.98475444	0.3
8867.101213428658	300	49.25412818454082	0.0	157812	1812.2914566640031	0.96464205	0.3
8868.803593631828	300	51.55174798137087	0.0	163927	1702.3802031699458	0.91373134	0.3
8870.088035343062	300	54.2673062701368	0.0	137654	1284.4417112340743	0.91623425	0.3
8871.68685622548	300	56.668485387717105	0.0	146754	1598.8208824196893	0.9039123	0.3
8873.70189122946	300	58.65345038373801	0.0	153938	2015.035003979091	0.7817024	0.3
8876.96622362586	300	59.389117987338814	0.0	181901	3264.3323963991934	0.80554324	0.3
8880.625420470229	300	59.72992114296913	0.0	111155	2159.1968443696824	0.740034	0.3
8884.310709975487	300	59.732479942008936	0.0	153605	2497.4412009602	0.55013037	0.3
8886.843612926814	300	59.73495253269454	0.0	149029	1997.5274093143912	0.601479	0.3
8890.712075709012	300	59.59340896980186	0.0	157421	2641.543562892683	0.7867123	0.3
8894.711245124716	300	59.594239554099715	0.0	157488	2999.1694157021425	0.6148732	0.3
8897.687975516319	300	59.87891868535154	0.0	143881	1715.3208687481745	0.6499655	0.3
8901.840446400378	300	59.726447801292366	0.0	163444	3152.4708840591766	0.8678442	0.3
8905.479498244973	300	59.53386208245215	0.0	179328	2692.5857188402115	0.7096208	0.3
8909.055579979777	300	59.95778034764687	0.0	159914	2576.0817348052838	0.9544873	0.3
8911.841637011297	300	59.51102574786689	0.0	131610	1946.7545997799807	1.0200007	0.3
8914.369315175174	300	59.59683791039925	0.0	124011	1414.1878374676387	0.94850755	0.3
8917.403931154704	300	59.651275031387364	0.0	144254	1445.5628790118888	1.3810822	0.3
8920.953915404301	300	59.59080949514881	0.0	149991	2060.4655362385533	1.5263402	0.3
8924.970399677604	300	59.574325221845726	0.0	147968	3016.4842733030805	1.3720758	0.3
8928.823614892524	300	59.721110006926764	0.0	161857	3853.215214918963	1.2025864	0.3
8932.61731181977	300	59.927413079681216	0.0	145210	3293.6969272455494	1.392901	0.3
8936.882436126747	300	59.662288772703796	0.0	172312	3265.124306977423	1.3571448	0.3
8941.027070943204	300	59.51765395624546	0.0	167025	3644.6348164583324	1.5359219	0.3
8944.930661050419	300	59.61406384903111	0.0	160064	3903.5901072143547	1.5454714	0.3
8948.79611468119	300	59.74861021825876	0.0	137507	3365.4536307723456	1.645036	0.3
8952.74564373913	300	59.79908116031742	0.0	118421	1949.5290579413388	1.5853127	0.3

