10219.081531246415	750	4.0	2.7931852023610926	450283	2793.1852023610927	0.38039452	-11.260696370152697
10220.573377244447	750	6.508154001967959	0.0	398865	1491.84599803204	0.57493955	0.75
10221.830170632973	750	9.2513606134416	0.0	350812	1256.793388526359	0.9219852	0.75
10223.004317460338	750	12.077213786076983	0.0	382355	1174.146827364618	1.0801877	0.75
10224.657604708234	750	14.423926538181128	0.0	411561	1653.2872478958568	1.1250805	0.75
10226.741518094603	1200	16.340013151811682	0.0	520315	2083.9133863694437	1.0517936	0.75
10229.279179722662	1200	17.802351523752638	0.0	561791	2537.6616280590442	0.2745899	1.2
10232.383038901024	1200	18.698492345390857	0.0	709534	3103.8591783617826	0.17393604	1.2
10234.673594838543	1200	20.40793640787087	0.0	584846	2290.5559375199846	0.32765546	1.2
10237.972634956834	1200	21.108896289580258	0.0	560821	3299.0401182906126	0.44097733	1.2
10243.82227399334	1200	19.259257253071286	0.0	607410	5849.639036508974	0.31653062	1.2
10253.028475709894	1200	14.05305553651712	0.0	594078	9206.201716554167	0.14197628	1.2
10258.761353054912	1200	12.320178191500586	0.0	624282	5732.877345016532	0.6873553	1.2
10262.720325588902	1200	12.361205657509048	0.0	687371	3958.972533991539	0.6397391	1.2
10265.635526058932	1200	13.446005187480916	0.0	526950	2915.2004700281323	0.23849875	1.2
10269.592385841424	1200	13.489145404988996	0.0	587876	3956.8597824919198	0.41482538	1.2
10272.253006526409	1200	14.828524720003902	0.0	617242	2660.6206849850946	0.41915345	1.2
10274.571448534934	1200	16.510082711477846	0.0	581493	2318.4420085260526	0.25901714	1.2
10277.355098398144	1200	17.72643284826766	0.0	639204	2783.6498632101875	0.2731219	1.2
10279.400495709111	1200	19.681035537298893	0.0	586839	2045.397310968766	0.37553704	1.2
10281.114613624015	1200	21.966917622395513	0.0	601738	1714.1179149033792	0.4552471	1.2
10282.867554013857	1200	24.213977232554033	0.0	616206	1752.9403898414803	0.7371781	1.2
10285.180896616306	1200	25.900634630105294	0.0	656471	2313.342602448738	0.82120353	1.2
10287.016390608718	1200	28.065140637693457	0.0	536667	1835.4939924118373	0.86138964	1.2
10288.935098874714	1200	30.146432371697742	0.0	587236	1918.708265995717	0.9409674	1.2
10291.123059339021	1200	31.958471907391583	0.0	590335	2187.9604643061593	0.9643116	1.2
10293.20596773349	1200	33.875563512922206	0.0	696376	2082.908394469374	0.90099865	1.2
10296.455034472376	1850	34.62649677403584	0.0	758197	3249.0667388863662	1.2815228	1.2000000000000002
10300.637539423718	1850	34.44399182269296	0.0	972798	4182.504951342885	0.652282	1.85
10305.237717290645	1850	33.843813955765796	0.0	975811	4600.177866927162	0.53802633	1.85
10308.803595748195	1850	34.27793549821498	0.0	873429	3565.878457550822	0.62994635	1.85
10312.63859198176	1850	34.44293926464896	0.0	954453	3834.9962335660184	0.6252308	1.85
10316.763726711279	1850	34.31780453513042	0.0	885062	4125.134729518548	0.6546922	1.85
10319.931079879503	1850	35.15045136690608	0.0	1035329	3167.353168224331	0.63070047	1.85
10324.284441168464	1850	34.79709007794698	0.0	1026056	4353.361288959101	0.7279613	1.85
10328.439000005847	1850	34.64253124056273	0.0	943942	4154.558837384247	0.6316284	1.85
10331.332516107515	1850	35.74901513889475	0.0	728962	2893.5161016679867	0.68695474	1.85
10334.946102924001	1850	36.135428322408906	0.0	938587	3613.58681648584	0.69676435	1.85
10338.50081845192	1850	36.58071279449039	0.0	908665	3554.715527918516	0.7136833	1.85
10344.344816197508	1850	34.7367150488996	0.0	930577	5843.9977455907965	0.7823384	1.85
10347.512669032907	1850	35.568862213502285	0.0	858450	3167.8528353973097	0.6015723	1.85
10350.85393612497	1850	36.22759512143971	0.0	1025005	3341.267092062577	0.7533715	1.85
10353.743782948894	1850	37.33774829751502	0.0	886255	2889.8468239246918	0.86636794	1.85
10357.23737249854	1850	37.84415874787179	0.0	973972	3493.589549643234	0.97927344	1.85
10360.013591269098	1850	39.067939977311255	0.0	958994	2776.2187705605315	1.0066069	1.85
10362.79754702222	1850	40.283984224187584	0.0	982064	2783.9557531236724	1.0591862	1.85
10372.738911910448	4300	34.342619335961125	0.0	1961140	9941.364888226453	1.0259352	1.8499999999999996
10383.856074407955	4300	27.22545683845337	0.0	2155012	11117.162497507761	0.120103896	4.3

