21930.155404849673	750	4.0	2.3226168467032533	450283	2322.6168467032535	0.73876095	-9.237252440823989
21932.95080783012	750	5.204597019557097	0.0	398865	2795.4029804429024	0.587775	0.75
21935.239450429523	750	6.915954420153612	0.0	350812	2288.642599403485	0.5073773	0.75
21937.886508880376	750	8.268895969299136	0.0	382355	2647.0584508544766	0.44136342	0.75
21941.56154053049	750	8.593864319189526	0.0	411561	3675.03165010961	0.3568589	0.75
21944.7928039962	750	9.362600853479242	0.0	318564	3231.263465710285	0.43186596	0.75
21950.60707350011	750	7.548331349569153	0.0	352642	5814.269503910088	0.3090056	0.75
21958.010532629727	750	4.1448722199491135	0.0	437162	7403.459129620041	0.6519708	0.75
21959.337477137815	300	6.81792771186185	0.0	150710	1326.9445080872626	0.61932224	-0.15000000000000002
21960.471328735366	300	9.684076114309981	0.0	139105	1133.8515975518692	0.48212886	0.3
21961.626515312953	300	12.528889536720708	0.0	141840	1155.1865775892734	0.7578597	0.3
21962.979291305874	300	15.176113543800257	0.0	156148	1352.7759929204517	0.7443745	0.3
21964.316127789974	300	17.839277059700112	0.0	160746	1336.8364841001455	0.76168627	0.3
21966.170207276653	300	19.985197573021008	0.0	179801	1854.0794866791032	0.80069697	0.3
21967.91782060854	300	22.23758424113243	0.0	140051	1747.6133318885763	0.7862551	0.3
21970.047787609565	300	24.107617240106585	0.0	138313	2129.967001025847	0.7381257	0.3
21971.793196736184	300	26.362208113490194	0.0	143509	1745.4091266163919	0.73601276	0.3
21973.3407167217	300	28.81468812797086	0.0	150616	1547.51998551933	0.8165203	0.3
21974.98854183552	300	31.166863014152057	0.0	165384	1647.825113818805	0.8563242	0.3
21976.242625836116	300	33.912779013557625	0.0	140881	1254.0840005944337	0.9305395	0.3
21977.475899690016	300	36.67950515965431	0.0	157671	1233.2738539033082	0.99974173	0.3
21978.58658174005	300	39.56882310961992	0.0	157812	1110.6820500343927	1.035902	0.3
21979.681633568987	300	42.47377128068568	0.0	163927	1095.0518289342426	1.1179854	0.3
21980.89192485147	300	45.26347999820334	0.0	137654	1210.2912824823466	1.2001103	0.3
21982.06208884715	300	48.09331600252465	0.0	146754	1170.1639956786807	1.0768313	0.3
21983.314400043713	300	50.84100480595744	0.0	153938	1252.3111965672147	1.1126287	0.3
21984.850266403755	300	53.30513844591736	0.0	181901	1535.8663600400862	1.1163651	0.3
21985.836596424037	300	56.31880842563652	0.0	111155	986.3300202808415	1.118274	0.3
21987.07952519929	300	59.07587965038039	0.0	153605	1242.928775256127	1.0359505	0.3
21988.284706961236	300	59.50165738661786	0.0	149029	1074.2222637625327	1.1043837	0.3
21989.585086317522	300	59.70194738606763	0.0	157421	1299.7100005502277	1.2658621	0.3
21991.487924078854	300	59.98086316416929	0.0	157488	1721.0842218983414	1.1798576	0.3
21993.82772759283	300	59.866838172149535	0.0	143881	1114.0249920197605	1.1946137	0.3
21997.24987036671	300	59.80365609388459	0.0	163444	1563.182078264941	1.3234193	0.3
22001.199238236422	300	59.83845251158777	0.0	179328	2465.203582296822	1.3052177	0.3
22004.353907139845	300	59.67820023698477	0.0	159914	2160.252274603	1.2593939	0.3
22005.745425017976	300	59.85964956937862	0.0	131610	1318.5506676061461	1.4318622	0.3
22007.315799897602	300	59.60094570622801	0.0	124011	1258.7038631506066	1.4650583	0.3
22010.81676535087	300	59.696298506932656	0.0	144254	1904.6471992953577	1.5149368	0.3
22012.422176126023	300	59.67675222249195	0.0	149991	1519.546284440703	1.4333451	0.3
22013.75987688133	300	59.910834185442866	0.0	147968	765.9180370490863	1.6547813	0.3
22030.6296622305	4300	47.041048836272935	0.0	2184571	16869.785349169924	1.3930051	0.2999999999999998
22045.952523927725	4300	35.718187139051444	0.0	2121928	15322.861697221493	0.018521229	4.3
22059.518357120283	4300	26.152353946494753	0.0	2219102	13565.833192556687	0.2683504	4.3
22071.354736330584	4300	18.31597473619245	0.0	2124950	11836.379210302302	1.0090961	4.3
22080.179111858117	1850	13.49159920865871	0.0	982064	8824.375527533743	1.0640714	-0.6000000000000001
22087.936654689707	1850	9.734056377071672	0.0	830730	7757.542831587038	0.92398274	1.85
22090.53846636805	1200	11.132244698729341	0.0	550906	2601.811678342332	1.0583363	0.5499999999999999

