20707.334170125712	750	4.0	9.971750996673139	450283	9971.75099667314	0.6036757	-42.1285292856945
20710.81779403494	300	4.516376090767351	0.0	155580	3483.623909232648	0.07803273	-0.15000000000000002
20713.10279225049	300	6.23137787521933	0.0	139857	2284.998215548021	0.03628	0.3
20714.903877936344	300	8.430292189365248	0.0	155432	1801.085685854082	0.042604305	0.3
20716.39076338323	300	10.943406742477846	0.0	163442	1486.8854468874028	0.19563848	0.3
20717.489291944763	300	13.844878180946663	0.0	126289	1098.5285615311818	0.38854572	0.3
20718.71076459196	300	16.623405533748365	0.0	153295	1221.4726471982992	0.5632137	0.3
20719.94378897654	300	19.390381149172665	0.0	173849	1233.0243845756975	0.71816576	0.3
20721.02439185251	300	22.309778273200813	0.0	150710	1080.6028759718529	1.0190208	0.3
20723.54115316763	750	23.793016958083918	0.0	362795	2516.761315116894	1.0415804	0.3
20725.747684240156	750	25.586485885557266	0.0	353220	2206.531072526649	0.44787735	0.75
20728.287526143988	750	27.046643981725143	0.0	405134	2539.8419038321244	0.7232772	0.75
20730.554154455345	750	28.780015670364985	0.0	386351	2266.6283113601608	0.6589817	0.75
20732.962714602603	750	30.371455523105514	0.0	434409	2408.5601472594735	0.7939366	0.75
20735.317468011297	750	32.01670211441281	0.0	337059	2354.7534086927017	0.9056777	0.75
20739.53832362661	750	31.79584649909796	0.0	366214	4220.855615314853	0.85336506	0.75
20742.004873600814	750	33.329296524895966	0.0	360831	2466.549974201996	0.48422027	0.75
20744.95595747174	750	34.37821265396934	0.0	372963	2951.083870926621	0.87325364	0.75
20748.913685566862	750	34.420484558848216	0.0	405596	3957.7280951211337	0.7608536	0.75
20753.298029271657	750	34.03614085405376	0.0	350713	4384.343704794455	0.597599	0.75
20756.213650126105	750	35.12051999960438	0.0	386472	2915.620854449376	0.60722387	0.75
20759.904792616933	750	35.42937750877517	0.0	399894	3691.1424908292147	0.7054546	0.75
20762.87925254883	750	36.454917576877	0.0	401853	2974.459931898172	0.57854915	0.75
20765.69825756634	750	37.635912559368165	0.0	343800	2819.005017508836	0.71519274	0.75
20770.63612495343	750	36.6980451722774	0.0	359903	4937.867387090765	0.6573398	0.75
20776.585963984282	750	34.74820614142605	0.0	379700	5949.839030851346	0.47011113	0.75
20784.328132037677	750	31.006038088029054	0.0	425781	7742.168053396998	0.27669376	0.75
20788.70570498994	750	30.628465135764518	0.0	277716	4377.572952264536	0.48483258	0.75
20796.30506193446	750	27.029108191245744	0.0	400396	7599.356944518774	0.5255812	0.75
20799.57412053037	750	27.760049595335175	0.0	400508	3269.0585959105715	0.4675104	0.75
20802.0623098887	750	29.271860237005495	0.0	358218	2488.189358329682	0.7161801	0.75
20804.747301091826	750	30.58686903388162	0.0	400322	2684.991203123875	0.8115704	0.75
20806.563439823767	750	32.77073030194193	0.0	369834	1816.1387319396906	0.72951555	0.75
20809.72128777205	750	33.61288235365902	0.0	412837	3157.8479482829084	1.0915301	0.75
20813.82731832392	750	33.50685180178454	0.0	401088	4106.030551874479	0.74735475	0.75
20817.143187514142	750	34.19098261156499	0.0	365161	3315.8691902195446	0.70204175	0.75
20819.845392767802	750	35.48877735790506	0.0	321064	2702.2052536599376	1.0539894	0.75
20824.464132942718	1200	34.87003718298791	0.0	575591	4618.740174917147	1.0315728	0.75
20829.68587313337	1200	33.64829699233645	0.0	605884	5221.740190651459	0.54302657	1.2
20836.76474184455	1200	30.56942828115558	0.0	587506	7078.8687111808695	0.54639006	1.2
20839.88184424854	1200	31.452325877164526	0.0	566904	3117.1024039910562	0.6002882	1.2
20842.477817221064	1200	32.85635290464251	0.0	641452	2595.9729725220204	0.71962136	1.2
20845.154815070964	1200	34.17935505474153	0.0	599477	2676.997849900981	1.2151766	1.2
20849.053340715345	1200	34.28082941036226	0.0	634861	3898.525644379271	1.1556193	1.2
20853.60691312905	1200	33.727256996655974	0.0	630203	4553.572413706288	0.9663359	1.2
20859.348881612383	1200	31.985288513324733	0.0	638661	5741.968483331242	0.98102605	1.2
20864.307862334514	1200	31.026307791194213	0.0	538612	4958.980722130521	1.120918	1.2
20869.465414773917	1200	29.86875535179211	0.0	550906	5157.552439402101	1.0550638	1.2

