8642.886904912646	750	4.0	3.383176362969059	450283	3383.176362969059	0.37098405	-13.797658360766953
8648.49161315641	750	4.0	1.6047082437637228	398865	5604.708243763723	0.69812244	-6.150245448184008
8649.702651939493	300	6.788961216917923	0.0	139857	1211.0387830820769	0.53544754	-0.15000000000000002
8650.87878430025	300	9.612828856158764	0.0	155432	1176.1323607591607	0.66439986	0.3
8652.134547293395	300	12.357065863014622	0.0	163442	1255.76299314414	0.7652814	0.3
8653.053893911798	300	15.437719244612355	0.0	126289	919.3466184022667	0.97122246	0.3
8654.111522443302	300	18.38009071310886	0.0	153295	1057.6285315034936	0.983891	0.3
8655.542545290677	300	20.949067865733475	0.0	173849	1431.0228473753862	0.85720855	0.3
8658.589774083513	750	21.90183907289587	0.0	374758	3047.2287928376018	0.8965037	0.3
8661.726323677623	750	22.76528947878631	0.0	362795	3136.54959410956	0.2992396	0.75
8664.658442728867	750	23.833170427542736	0.0	353220	2932.1190512435755	0.38806713	0.75
8670.616314923287	750	21.87529823312444	0.0	405134	5957.872194418298	0.47489607	0.75
8674.642047337991	750	21.84956581841924	0.0	386351	4025.7324147052	0.3204258	0.75
8677.782685310853	750	22.708927845559106	0.0	434409	3140.6379728601337	0.26848248	0.75
8680.02444555345	750	24.467167602960572	0.0	337059	2241.760242598532	0.39615965	0.75
8682.347947888795	750	26.143665267615162	0.0	366214	2323.5023353454135	0.5394735	0.75
8685.108909603352	750	27.38270355305892	0.0	360831	2760.9617145562415	0.482621	0.75
8688.11650547681	750	28.375107679600664	0.0	372963	3007.5958734582573	0.4903754	0.75
8691.401789600084	750	29.089823556326333	0.0	405596	3285.284123274329	0.46379	0.75
8693.482491427128	750	31.009121729281095	0.0	350713	2080.701827045239	0.5278822	0.75
8695.910858964777	750	32.58075419163301	0.0	386472	2428.3675376480805	0.8724009	0.75
8698.760953382374	750	33.73065977403498	0.0	399894	2850.0944175980303	0.845796	0.75
8701.495515090342	750	34.996098066066445	0.0	401853	2734.561707968541	0.81128395	0.75
8703.88168822191	750	36.609924934497464	0.0	343800	2386.1731315689794	0.90135765	0.75
8706.324061211462	750	38.167551944944925	0.0	359903	2442.3729895525416	0.89731264	0.75
8710.465441031618	1200	38.02617212478923	0.0	590335	4141.3798201557	0.917843	0.75
8715.544152055423	1200	36.94746110098324	0.0	696376	5078.711023805993	0.3364972	1.2
8718.990482042933	1200	37.501131113473924	0.0	487160	3446.3299875093167	0.3267697	1.2
8726.69334517215	1200	33.79826798425717	0.0	622896	7702.86312921675	0.33087313	1.2
8733.50570716955	1200	30.985905986857645	0.0	641447	6812.361997399532	0.26987544	1.2
8738.444175734428	1200	30.047437421978444	0.0	570392	4938.468564879199	0.2805411	1.2
8742.985488861052	1200	29.506124295355722	0.0	620283	4541.31312662272	0.25104472	1.2
8747.849720140368	1200	28.641893016039738	0.0	584349	4864.231279315984	0.321213	1.2
8755.03269744121	1200	25.458915715197467	0.0	670129	7182.977300842273	0.3694281	1.2
8762.167369667923	1200	22.32424348848336	0.0	690253	7134.672226714105	0.42752165	1.2
8766.300168252441	1200	22.191444903965696	0.0	598727	4132.798584517664	0.3806488	1.2
8769.49012915839	1200	23.001483998015935	0.0	487812	3189.960905949763	0.5252396	1.2
8774.057140699759	1200	22.43447245664669	0.0	575591	4567.011541369244	0.53213286	1.2
8778.527750821233	1200	21.963862335173076	0.0	605884	4470.610121473615	0.40492517	1.2
8782.122006464	1200	22.36960669240471	0.0	587506	3594.2556427683658	0.4265825	1.2
8786.04752147036	1200	22.44409168604489	0.0	566904	3925.515006359819	0.54174566	1.2
8790.368594014339	1200	22.12301914206673	0.0	641452	4321.072543978156	0.47120893	1.2
8794.506232874923	1200	21.985380281484225	0.0	599477	4137.638860582509	0.66532046	1.2
8798.996252548666	1200	21.495360607739723	0.0	634861	4490.019673744499	0.5671027	1.2
8803.70372511147	1200	20.7878880449345	0.0	630203	4707.472562805224	0.7085499	1.2
8810.726978332983	1200	17.764634823422895	0.0	638661	7023.253221511606	0.6629496	1.2
8815.478312618783	1200	17.01330053762309	0.0	538612	4751.334285799806	0.8534021	1.2
8822.275013452694	1200	14.21659970371123	0.0	550906	6796.7008339118565	0.7901593	1.2

