8472.897622382168	750	4.0	4.782926972877741	450283	4782.926972877741	1.1655377	-19.816585983374285
8474.642906618308	300	6.254715763859471	0.0	155580	1745.2842361405292	0.5697469	-0.15000000000000002
8476.605653736427	300	8.291968645740148	0.0	139857	1962.7471181193237	0.24185571	0.3
8478.743413318814	300	10.154209063352807	0.0	155432	2137.75958238734	0.24242419	0.3
8480.61970965526	300	12.277912726907294	0.0	163442	1876.2963364455136	0.21222045	0.3
8481.73503511845	300	15.162587263716606	0.0	126289	1115.3254631906873	0.43835875	0.3
8482.90717326307	300	17.990449119099527	0.0	153295	1172.138144617082	0.5441915	0.3
8484.369446608067	300	20.528175774101847	0.0	173849	1462.2733449976768	0.76243645	0.3
8485.810813380163	300	23.08680900200616	0.0	150710	1441.3667720956878	0.8976425	0.3
8487.066694615496	300	25.830927766672346	0.0	139105	1255.8812353338128	0.8182419	0.3
8488.279833324481	300	28.61778905768866	0.0	141840	1213.1387089836865	0.893168	0.3
8489.97786460541	300	30.919757776759262	0.0	156148	1698.031280929398	0.9622241	0.3
8491.275064202093	300	33.622558180075956	0.0	160746	1297.199596683312	0.8954459	0.3
8492.786978094759	300	36.11064428741007	0.0	179801	1511.9138926658845	1.0111294	0.3
8497.955205951219	750	34.94241643094987	0.0	337059	5168.227856460202	1.0457703	0.3
8503.606162099402	750	33.29146028276673	0.0	366214	5650.956148183139	0.3000577	0.75
8506.309593890714	750	34.588028491455816	0.0	360831	2703.431791310911	0.26920435	0.75
8509.130285075744	750	35.76733730642417	0.0	372963	2820.6911850316465	0.58032167	0.75
8512.072460435089	750	36.825161947080424	0.0	405596	2942.1753593437443	0.61526346	0.75
8514.590346827474	750	38.30727555469543	0.0	350713	2517.8863923849926	0.5639551	0.75
8517.771707002858	750	39.12591537931163	0.0	386472	3181.3601753837997	0.74062216	0.75
8520.907319254238	750	39.99030312793059	0.0	399894	3135.6122513810433	0.6458113	0.75
8525.501640504157	750	39.39598187801186	0.0	401853	4594.321249918729	0.7206999	0.75
8529.67742121876	750	39.2202011634108	0.0	343800	4175.780714601062	0.5518755	0.75
8532.294872231712	750	40.60275015045602	0.0	359903	2617.4510129547816	0.60881686	0.75
8535.773418565099	750	41.124203817071184	0.0	379700	3478.5463333848397	0.86142313	0.75
8539.33752015824	750	41.5601022239291	0.0	425781	3564.1015931420848	0.59465796	0.75
8542.885489821349	750	42.012132560822145	0.0	277716	3547.969663106953	0.79816717	0.75
8550.105894997354	750	38.79172738481671	0.0	400396	7220.405176005437	0.6583539	0.75
8556.68127692249	750	36.216345459681335	0.0	400508	6575.381925135379	0.41937357	0.75
8559.515261962062	750	37.38236042011064	0.0	358218	2833.985039570691	0.39738673	0.75
8562.921725217968	750	37.97589716420425	0.0	400322	3406.463255906397	0.73536456	0.75
8566.393572493596	750	38.50404988857582	0.0	369834	3471.847275628426	0.7560812	0.75
8570.637280958857	750	38.26034142331456	0.0	412837	4243.708465261264	0.64799505	0.75
8576.364515394982	750	36.533106987190706	0.0	401088	5727.234436123855	0.5251222	0.75
8583.07244656404	750	33.82517581813421	0.0	365161	6707.9311690564955	0.4473912	0.75
8591.78729637401	750	29.11032600816428	0.0	321064	8714.849809969935	0.5398971	0.75
8599.44923403578	750	25.44838834639475	0.0	361565	7661.937661769532	0.46036848	0.75
8607.369236850327	750	21.52838553184635	0.0	378327	7920.0028145484	0.60279274	0.75
8609.842807311588	750	23.054815070584205	0.0	390680	2473.570461262146	0.61905515	0.75
8612.005211443753	750	24.892410938419378	0.0	345516	2162.4041321648283	1.3944144	0.75
8615.280353800808	1200	25.61726858136361	0.0	641452	3275.142357055766	1.3897756	0.75
8618.428680538402	1200	26.46894184377175	0.0	599477	3148.3267375918604	1.0246233	1.2
8621.580617447644	1200	27.317004934528747	0.0	634861	3151.9369092429984	0.7881484	1.2
8625.399851780674	1200	27.49777060149967	0.0	630203	3819.23433302908	1.1099786	1.2
8630.314418483775	1200	26.583203898397855	0.0	638661	4914.566703101814	0.9731996	1.2
8635.449889630005	1850	25.447732752168747	0.0	830730	5135.471146229108	1.1491704	1.2000000000000002
8639.503728549678	1850	25.393893832496527	0.0	846370	4053.8389196722205	0.60750645	1.85

