22470.38759827411	750	4.0	2.943433872988283	450283	2943.4338729882834	0.73891807	-11.906765653849618
22472.168529225783	750	6.219069048327484	0.0	398865	1780.930951672515	0.60429806	0.75
22473.93806411773	750	8.449534156378364	0.0	350812	1769.534891949121	0.77183557	0.75
22476.004765651403	750	10.38283262270498	0.0	382355	2066.701533673385	0.70350355	0.75
22478.23778001512	750	12.14981825899194	0.0	411561	2233.014363713041	0.67322415	0.75
22479.937870706763	750	14.44972756734608	0.0	318564	1700.090691645859	0.8453663	0.75
22481.800811662994	750	16.58678661111628	0.0	352642	1862.9409562297988	0.85432154	0.75
22483.845372631306	750	18.542225642807672	0.0	437162	2044.5609683086088	0.75398445	0.75
22486.62274513643	1200	19.764853137683378	0.0	584846	2777.3725051242936	0.9241451	0.75
22488.927926052227	1200	21.45967222188385	0.0	560821	2305.1809157995294	0.24373947	1.2
22491.606674814262	1200	22.780923459848424	0.0	607410	2678.7487620354227	0.34351414	1.2
22494.206808816387	1200	24.180789457723385	0.0	594078	2600.1340021250408	0.28628892	1.2
22496.790550040692	1200	25.59704823341841	0.0	624282	2583.7412243049757	0.34559852	1.2
22500.112732869446	1200	26.27486540466251	0.0	687371	3322.1828287559	0.3137456	1.2
22502.473769965396	1200	27.91382830871469	0.0	526950	2361.037095947818	0.36204612	1.2
22504.883212727684	1200	29.50438554642521	0.0	587876	2409.442762289485	0.41852543	1.2
22508.541212085765	1200	29.8463861883443	0.0	617242	3657.999358080905	0.48847997	1.2
22512.03938512286	1200	30.348213151251	0.0	581493	3498.1730370933046	0.31652966	1.2
22515.935922746183	1200	30.451675527929233	0.0	639204	3896.537623321764	0.2572943	1.2
22520.240608891734	1200	30.146989382377903	0.0	586839	4304.686145551331	0.2655449	1.2
22522.586650310666	1200	31.800947963445342	0.0	601738	2346.041418932559	0.19514322	1.2
22525.29179226031	1200	33.0958060138046	0.0	616206	2705.1419496407398	0.42889494	1.2
22528.113966950445	1200	34.27363132366433	0.0	656471	2822.174690140266	0.44069055	1.2
22530.336704237143	1200	36.05089403696453	0.0	536667	2222.7372866998053	0.5306053	1.2
22533.094340373016	1200	37.293257901090826	0.0	587236	2757.6361358737017	0.56882	1.2
22535.61919351456	1200	38.76840475954491	0.0	590335	2524.8531415459156	0.50922537	1.2
22538.64838106514	1200	39.73921720896663	0.0	696376	3029.187550578282	0.51066244	1.2
22540.71781768467	1200	41.66978058943787	0.0	487160	2069.4366195287603	0.85843956	1.2
22543.436674732147	1200	42.95092354195771	0.0	622896	2718.85704748016	0.8849959	1.2
22546.379574834627	1200	44.008023439480056	0.0	641447	2942.90010247765	0.79361147	1.2
22548.841685630323	1200	45.54591264378389	0.0	570392	2462.110795696163	0.9266922	1.2
22552.013870116716	1200	46.37372815739213	0.0	620283	3172.1844863917654	1.0167662	1.2
22554.85396713757	1200	47.53363113653819	0.0	584349	2840.0970208539397	1.0246849	1.2
22558.19084819202	1200	48.1967500820859	0.0	670129	3336.8810544522935	1.0147076	1.2
22561.710983328405	1200	48.6766149457018	0.0	690253	3520.1351363840963	1.0592355	1.2
22564.895403527673	1200	49.49219474643469	0.0	598727	3184.4201992671133	1.1410005	1.2
22567.87627446205	1200	50.51132381205502	0.0	487812	2980.8709343796727	1.3567228	1.2
22573.315491355545	1200	49.07210691856162	0.0	575591	5439.216893493394	1.2809526	1.2
22577.00667646554	1200	49.380921808570804	0.0	605884	3691.1851099908145	0.84231687	1.2
22581.294438492878	1200	49.0931597812301	0.0	587506	4287.762027340707	1.1354009	1.2
22586.41349613749	1200	47.97410213661624	0.0	566904	5119.05764461386	1.1641653	1.2
22593.643147155868	1200	44.74445111823939	0.0	641452	7229.651018376846	0.9044241	1.2
22599.084749424394	1200	43.302848849714984	0.0	599477	5441.6022685244125	0.9086612	1.2
22606.697784547086	1200	39.68981372702326	0.0	634861	7613.035122691729	0.7872309	1.2
22617.61187417746	1200	32.77572409664896	0.0	630203	10914.089630374301	0.8429891	1.2
22629.27404213852	1200	25.113556135589352	0.0	638661	11662.167961059604	0.90165114	1.2
22639.643607629016	1200	18.743990645093124	0.0	538612	10369.56549049623	0.94833094	1.2
22644.734664187537	1200	17.652934086572298	0.0	550906	5091.056558520822	0.90741515	1.2

