4382.1113663389715	750	4.0	6.308048004947866	450283	6308.0480049478665	0.70050025	-26.374606421275825
4385.1410240489295	300	4.9703422900424306	0.0	155580	3029.6577099575693	0.29880837	-0.15000000000000002
4386.748602567957	300	7.362763771014124	0.0	139857	1607.5785190283066	0.055524476	0.3
4388.709542439434	300	9.401823899538504	0.0	155432	1960.9398714756198	0.18654536	0.3
4391.102948629779	300	11.008417709192697	0.0	163442	2393.406190345805	0.17120323	0.3
4392.5375973399005	300	13.573768999071778	0.0	126289	1434.6487101209204	0.26655146	0.3
4394.016517849316	300	16.094848489656087	0.0	153295	1478.92050941569	0.29708847	0.3
4395.920867051257	300	18.19049928771505	0.0	173849	1904.3492019410367	0.40887457	0.3
4398.735846723928	300	19.375519615043814	0.0	150710	2814.9796726712366	0.53266895	0.3
4401.054422864086	300	21.05694347488586	0.0	139105	2318.5761401579553	0.30701196	0.3
4403.693185765228	300	22.418180573743452	0.0	141840	2638.762901142407	0.3488699	0.3
4407.141666779929	300	22.96969955904212	0.0	156148	3448.48101470133	0.1972556	0.3
4410.205429873494	300	23.90593646547795	0.0	160746	3063.763093564172	0.22114441	0.3
4412.994711797847	300	25.116654541123705	0.0	179801	2789.2819243542426	0.14663546	0.3
4414.657629077532	300	27.453737261438516	0.0	140051	1662.9172796851883	0.2729129	0.3
4415.937272698943	300	30.174093640027746	0.0	138313	1279.6436214107712	0.28076288	0.3
4417.638668662554	300	32.47269767641768	0.0	143509	1701.3959636100665	0.6097056	0.3
4419.612791486983	300	34.498574851988394	0.0	150616	1974.1228244292884	0.48888415	0.3
4422.228081812479	300	35.88328452649166	0.0	165384	2615.2903254967396	0.48671648	0.3
4424.52932391821	300	37.58204242076092	0.0	140881	2301.2421057307383	0.5686966	0.3
4425.841456094105	300	40.26991024486693	0.0	157671	1312.1321758939914	0.45887128	0.3
4427.094664017235	300	43.01670232173636	0.0	157812	1253.207923130572	0.9560536	0.3
4428.368880167607	300	45.74248617136375	0.0	163927	1274.2161503726102	0.9956492	0.3
4429.297465380025	300	48.81390095894554	0.0	137654	928.5852124182097	1.0716383	0.3
4430.363017676398	300	51.748348662572724	0.0	146754	1065.5522963728145	1.1214573	0.3
4431.338940214039	300	54.77242612493227	0.0	153938	975.9225376404548	1.0677862	0.3
4432.57025478063	300	57.54111155834045	0.0	181901	1231.3145665918232	1.1823612	0.3
4434.585220448375	300	59.52614589059557	0.0	111155	1014.9656677448705	1.1888875	0.3
4436.50449502594	300	59.777459678039406	0.0	153605	1748.6862125561693	1.0074413	0.3
4439.074522956034	300	59.71273996704675	0.0	149029	1564.7197109926544	1.0367175	0.3
4441.152938327144	300	59.811186343342555	0.0	157421	1401.5536237041933	1.1353165	0.3
4443.310407548209	300	59.51088262561311	0.0	157488	1300.3037177294434	1.2012868	0.3
4444.71369395492	300	59.93282218822461	0.0	143881	1078.0604373884892	1.3291595	0.3
4446.630601428072	300	59.576981455360524	0.0	163444	1355.8407328640908	1.3610699	0.3
4448.26817124331	300	59.71372983208524	0.0	179328	1363.2516232752819	1.3520377	0.3
4450.439999520104	300	59.63497487546962	0.0	159914	1578.7549566156222	1.4456717	0.3
4452.1730799907045	300	59.519971305058284	0.0	131610	1115.0035704113307	1.5013571	0.3
4454.728547296733	300	59.57627604013849	0.0	124011	1443.6952649197988	1.5176768	0.3
4456.224643507515	300	59.88911391240266	0.0	144254	1187.1621277358254	1.473922	0.3
4460.9202011855195	1200	59.19355623439759	0.0	587506	4695.557678005065	1.6544583	0.29999999999999993
4476.08719589727	4300	48.026561522647825	0.0	2108491	15166.994711749765	0.831762	1.1999999999999997
4494.423538984732	4300	33.69021843518559	0.0	2184571	18336.343087462235	0.033270247	4.3
4525.615746709158	4300	6.4980107107594955	0.0	2121928	31192.207724426095	0.60941625	4.3
4530.186763316579	750	5.926994103338331	0.0	438281	4571.016607421165	0.7467602	-2.8
4533.009906401882	750	7.103851018035469	0.0	398987	2823.1430853028623	0.7233128	0.75
4536.112070649332	750	8.001686770584685	0.0	393804	3102.1642474507835	0.97833925	0.75
4538.689619290519	750	9.424138129398543	0.0	331053	2577.548641186141	1.2791693	0.75
4540.730564506475	750	11.383192913441798	0.0	314107	2040.9452159567436	1.0116665	0.75

