10387.78085665319	750	4.0	3.9247822452337946	450283	3924.7822452337946	0.32048833	-16.126563654505315
10389.132252946405	300	6.648603706784821	0.0	155580	1351.3962932151785	0.7227657	-0.15000000000000002
10390.184390010414	300	9.596466642774697	0.0	139857	1052.1370640101254	0.507989	0.3
10391.567515637087	300	12.213341016103536	0.0	155432	1383.1256266711605	0.8604187	0.3
10393.005588359481	300	14.775268293708956	0.0	163442	1438.0727223945805	0.7195249	0.3
10393.942346618343	300	17.838510034847047	0.0	126289	936.7582588619088	0.8857162	0.3
10394.985244012276	300	20.79561264091363	0.0	153295	1042.8973939334187	0.91771096	0.3
10397.762929547258	750	22.017927105931204	0.0	437162	2777.685534982424	0.96928734	0.3
10400.004634542882	750	23.776222110306573	0.0	374758	2241.70499562463	0.5844408	0.75
10402.007818206526	750	25.773038446663183	0.0	362795	2003.1836636433918	0.6929115	0.75
10404.323283109457	750	27.457573543732	0.0	353220	2315.464902931185	0.71998835	0.75
10408.002032911272	750	27.778823741917243	0.0	405134	3678.749801814758	0.7914314	0.75
10411.288801304127	750	28.492055349064685	0.0	386351	3286.768392852557	0.5227406	0.75
10413.575950910155	750	30.20490574303521	0.0	434409	2287.1496060294767	0.6107997	0.75
10415.663303684538	750	32.117552968651616	0.0	337059	2087.3527743835957	0.89582765	0.75
10418.82253450867	750	32.95832214452084	0.0	366214	3159.2308241307715	0.85346437	0.75
10422.141496199245	750	33.63936045394578	0.0	360831	3318.961690575063	0.625331	0.75
10427.705768496222	750	32.07508815696731	0.0	372963	5564.272296978463	0.7330179	0.75
10432.288387688264	750	31.492468964925497	0.0	405596	4582.619192041814	0.3930329	0.75
10435.92337915597	750	31.857477497219424	0.0	350713	3634.9914677060724	0.4660591	0.75
10439.728599114022	750	32.05225753916868	0.0	386472	3805.219958050748	0.50533986	0.75
10443.125148289295	750	32.65570836389552	0.0	399894	3396.549175273157	0.4931803	0.75
10446.780948092326	750	32.99990856086378	0.0	401853	3655.799803031739	0.50346726	0.75
10452.79103982486	750	30.989816828330195	0.0	343800	6010.091732533586	0.43847454	0.75
10461.147886581975	750	26.632970071215247	0.0	359903	8356.846757114949	0.25851667	0.75
10465.899442172342	750	25.881414480850243	0.0	379700	4751.555590365005	0.5309032	0.75
10471.68381057806	750	24.097046075130674	0.0	425781	5784.368405719569	0.26654363	0.75
10475.519063126845	750	24.261793526347095	0.0	277716	3835.2525487835806	0.3464204	0.75
10479.661163117014	750	24.119693536179074	0.0	400396	4142.099990168019	0.51920897	0.75
10483.156818092217	750	24.624038560975674	0.0	400508	3495.6549752033998	0.45591718	0.75
10488.196829110228	750	23.58402754296625	0.0	358218	5040.011018009422	0.4487567	0.75
10493.075747446126	750	22.705109207068112	0.0	400322	4878.918335898138	0.29655445	0.75
10497.899381319794	750	21.881475333397876	0.0	369834	4823.6338736702355	0.27236265	0.75
10504.998543123253	750	18.78231352994025	0.0	412837	7099.161803457629	0.279193	0.75
10507.898567842176	750	19.882288811016267	0.0	401088	2900.0247189239835	0.43068403	0.75
10510.7623695252	750	21.01848712799278	0.0	365161	2863.801683023483	0.7347316	0.75
10512.640058454628	750	23.14079819856337	0.0	321064	1877.6889294294117	0.6433296	0.75
10514.650438637254	750	25.13041801593689	0.0	361565	2010.3801826264814	1.0322523	0.75
10516.705920607728	750	27.07493604546192	0.0	378327	2055.481970474967	1.1115812	0.75
10519.011319863017	750	28.769536790172303	0.0	390680	2305.3992552896166	1.1971666	0.75
10524.758522574106	1200	27.022334079083542	0.0	566904	5747.202711088761	1.2712523	0.75
10529.038825872356	1200	26.742030780833954	0.0	641452	4280.30329824959	0.5755837	1.2
10532.344297556096	1200	27.43655909709565	0.0	599477	3305.4716837383016	0.83871484	1.2
10538.659679382194	1200	25.121177270997258	0.0	634861	6315.381826098392	0.76297855	1.2
10541.91683273439	1200	25.864023918800456	0.0	630203	3257.153352196803	0.7910465	1.2
10545.661356662831	1200	26.119499990362133	0.0	638661	3744.523928438324	1.0467222	1.2
10548.227942087418	1200	27.552914565775076	0.0	538612	2566.585424587054	1.160752	1.2
10550.903105999792	1200	28.87775065340009	0.0	550906	2675.163912374989	1.20931	1.2

