4214.909468607729	750	4.0	4.665178135276565	450283	4665.178135276565	0.011186911	-19.31026598168923
4216.408303175618	300	6.501165432110702	0.0	155580	1498.8345678892972	0.59519124	-0.15000000000000002
4217.849832157533	300	9.059636450196395	0.0	139857	1441.5289819143081	0.37188822	0.3
4220.909114665356	300	10.000353942372927	0.0	155432	3059.282507823468	0.44729638	0.3
4224.97411517189	300	9.935353435839435	0.0	163442	4065.000506533491	0.18763427	0.3
4227.897655167878	300	11.011813439851737	0.0	126289	2923.539995987698	0.2467173	0.3
4230.759363259175	300	12.15010534855435	0.0	153295	2861.708091297388	0.110924885	0.3
4234.16242589201	300	12.747042715718758	0.0	173849	3403.0626328355916	0.090164155	0.3
4237.080192444732	300	13.829276162996456	0.0	150710	2917.766552722302	0.12964487	0.3
4239.6761617293905	300	15.233306878338324	0.0	139105	2595.969284658131	0.089624576	0.3
4243.114160614155	300	15.795307993574422	0.0	141840	3437.9988847639015	0.09697696	0.3
4248.309542200671	300	14.599926407058215	0.0	156148	5195.381586516208	0.04963375	0.3
4252.539649681799	300	14.369818925929478	0.0	160746	4230.107481128735	0.070393875	0.3
4256.320578495243	300	14.588890112485023	0.0	179801	3780.9288134444546	0.048496783	0.3
4259.806983113888	300	15.102485493839552	0.0	140051	3486.404618645471	0.095928416	0.3
4264.0896883505275	300	14.819780257200604	0.0	138313	4282.705236638948	0.045689594	0.3
4269.172817108805	300	13.736651498923296	0.0	143509	5083.128758277308	0.04811918	0.3
4272.513759294605	300	14.395709313123865	0.0	150616	3340.942185799432	0.04495039	0.3
4274.021239202733	300	16.88822940499606	0.0	165384	1507.4799081278047	0.044270147	0.3
4274.9188152074885	300	19.990653400240554	0.0	140881	897.5760047555111	0.4260798	0.3
4275.81199834605	300	23.09747026167943	0.0	157671	893.1831385611233	1.223589	0.3
4278.877137827424	1200	24.032330780305802	0.0	616206	3065.1394813736283	1.2978746	0.29999999999999993
4282.1557221347	1200	24.753746473030063	0.0	656471	3278.584307275736	0.27691817	1.2
4284.371026379226	1200	26.538442228503314	0.0	536667	2215.304244526749	0.2697292	1.2
4287.510917959278	1200	27.398550648451288	0.0	587236	3139.891580052025	0.5455353	1.2
4290.5347984615	1200	28.374670146230006	0.0	590335	3023.880502221284	0.34118915	1.2
4294.136040673353	1200	28.773427934376734	0.0	696376	3601.242211853269	0.32383978	1.2
4297.6886612402495	1200	29.22080736747936	0.0	487160	3552.6205668973757	0.56039727	1.2
4303.062058348692	1200	27.847410259037474	0.0	622896	5373.397108441884	0.2707283	1.2
4308.204672250174	1200	26.704796357555296	0.0	641447	5142.613901482179	0.2326616	1.2
4313.351629954356	1200	25.55783865337343	0.0	570392	5146.957704181867	0.2686628	1.2
4318.311001927936	1200	24.598466679793237	0.0	620283	4959.371973580193	0.211696	1.2
4323.3353258484785	1200	23.574142759249924	0.0	584349	5024.323920543311	0.28055894	1.2
4328.250636537314	1200	22.658832070415492	0.0	670129	4915.310688834429	0.22537753	1.2
4333.05229015992	1200	21.85717844780993	0.0	690253	4801.653622605564	0.24528986	1.2
4337.207317192511	1200	21.70215141521772	0.0	598727	4155.027032592211	0.3080281	1.2
4340.033968756666	1200	22.875499851064255	0.0	487812	2826.6515641534643	0.49499965	1.2
4343.0470452633845	1200	23.862423344345576	0.0	575591	3013.0765067186794	0.47206664	1.2
4346.13326006169	1200	24.77620854604065	0.0	605884	3086.2147983049263	0.50024235	1.2
4349.20103088757	1200	25.708437720161264	0.0	587506	3067.7708258793864	0.58725816	1.2
4352.134595882436	1200	26.774872725294316	0.0	566904	2933.564994866945	0.77321386	1.2
4354.495909966862	1200	28.413558640869073	0.0	641452	2361.314084425246	0.7704011	1.2
4357.198575268621	1200	29.710893339109017	0.0	599477	2702.6653017600547	1.2203262	1.2
4361.463256374544	1200	29.446212233187495	0.0	634861	4264.6811059215215	1.1543522	1.2
4365.112079967424	1200	29.797388640307826	0.0	630203	3648.823592879672	1.0517668	1.2
4368.090434563981	1200	30.81903404374949	0.0	638661	2978.3545965583376	1.1331617	1.2
4371.9471607469395	1850	30.96230786079121	0.0	830730	3856.72618295828	1.3171504	1.2000000000000002
4375.803318334023	1850	31.10615027370705	0.0	846370	3856.1575870841593	0.75973046	1.85

