1172.5543890601627	750	4.0	2.2982937896467757	450283	2298.2937896467756	0.49877393	-9.132663295481136
1174.6085844447857	750	5.94580461537696	0.0	398865	2054.19538462304	0.59385145	0.75
1175.9485955240257	750	8.60579353613712	0.0	350812	1340.0110792398405	0.6808257	0.75
1177.3957567309099	750	11.158632329252743	0.0	382355	1447.161206884377	1.036172	0.75
1179.003660938368	750	13.550728121794712	0.0	411561	1607.9042074580307	0.95991755	0.75
1180.785919447315	1200	15.76846961284758	0.0	520315	1782.2585089471313	1.03242	0.75
1182.509944557282	1200	18.04444450288056	0.0	561791	1724.025109967021	0.309625	1.2
1184.7206802645399	1200	19.833708795622982	0.0	709534	2210.73570725758	0.35017872	1.2
1186.593017269305	1200	21.961371790857832	0.0	584846	1872.3370047651463	0.6171836	1.2
1188.548594730824	1200	24.005794329338677	0.0	560821	1955.5774615191551	0.6945326	1.2
1190.9008749129455	1200	25.653514147217024	0.0	607410	2352.280182121652	0.7421762	1.2
1193.2944274543634	1200	27.259961605799283	0.0	594078	2393.5525414177446	0.5773345	1.2
1196.646737245996	1200	27.907651814166694	0.0	624282	3352.309791632591	0.576457	1.2
1199.4601449360528	1200	29.094244124109956	0.0	687371	2813.407690056739	0.340675	1.2
1201.1837529167985	1200	31.37063614336427	0.0	526950	1723.6079807456856	0.63517314	1.2
1203.0039329237165	1200	33.550456136446186	0.0	587876	1820.1800069180867	0.7732665	1.2
1204.9320723873323	1200	35.62231667283035	0.0	617242	1928.1394636158411	0.9027691	1.2
1206.6330927287515	1200	37.921296331411156	0.0	581493	1701.0203414191924	0.91095483	1.2
1208.747662752156	1200	39.80672630800667	0.0	639204	2114.570023404486	0.9318347	1.2
1210.9227985541283	1200	41.63159050603435	0.0	586839	2175.1358019723198	0.99294597	1.2
1212.8760350220589	1200	43.67835403810367	0.0	601738	1953.2364679306763	0.934131	1.2
1215.018925765226	1200	45.535463294936875	0.0	616206	2142.8907431667967	1.1001449	1.2
1217.1139857775731	1200	47.44040328258961	0.0	656471	2095.060012347266	1.1435102	1.2
1218.820031971756	1200	49.73435708840679	0.0	536667	1706.0461941828162	1.3106506	1.2
1221.1834456498998	1200	51.37094341026295	0.0	587236	2363.413678143837	1.3814259	1.2
1223.769314864517	1200	52.78507419564578	0.0	590335	2585.8692146171743	1.2863123	1.2
1226.678122740814	1200	53.87626631934879	0.0	696376	2908.80787629699	1.1418822	1.2
1228.313907294313	1200	56.2404817658499	0.0	487160	1635.7845534988876	1.320601	1.2
1235.5123648160047	4300	53.042024244158135	0.0	2134614	7198.4575216917665	1.3898056	1.1999999999999997
1242.7270347968629	4300	49.82735426329992	0.0	2164140	7214.669980858222	0.26674744	4.3
1250.6294592858287	4300	45.92492977433409	0.0	2113193	7902.4244889658285	0.33281103	4.3
1257.665178218462	4300	42.88921084170089	0.0	2147852	7035.718932633202	0.46787283	4.3
1267.1544962849275	4300	37.39989277523544	0.0	2191074	9489.318066465445	0.6454689	4.3
1275.092754983669	2850	33.461634076493915	0.0	1587293	7938.258698741525	0.7394348	1.4000000000000001
1284.207738631143	2850	28.346650429019828	0.0	1492672	9114.98364747409	0.31574082	2.85
1301.4682395456584	2850	15.086149514504287	0.0	1439896	17260.50091451554	0.36419585	2.85
1307.7647630669517	1200	12.789625993211061	0.0	487812	6296.523521293226	1.3370864	-0.44999999999999996
1314.4576801171188	1200	10.09670894304382	0.0	575591	6692.917050167241	0.7032729	1.2
1325.359464227652	1200	4.0	0.805075167489451	605884	10901.784110533272	0.8071746	-2.261823220204639
1326.8188904678743	300	6.540573759778046	0.0	149991	1459.4262402219535	0.46915153	-0.6000000000000001
1328.270133680557	300	9.08933054709545	0.0	147968	1451.2432126825945	0.88887066	0.3
1330.031308609412	300	11.328155618240395	0.0	161857	1761.1749288550568	1.2875867	0.3
1331.439984907409	300	13.919479320243193	0.0	145210	1408.676297997202	1.4246621	0.3
1335.810376470494	1200	13.549087757158366	0.0	634861	4370.391563084825	1.3320185	0.29999999999999993
1339.9177009147747	1200	13.441763312877693	0.0	630203	4107.324444280673	0.7544124	1.2
1343.5716699676786	1200	13.787794259973841	0.0	638661	3653.969052903852	0.5293345	1.2
1348.3638170186669	1850	12.99564720898569	0.0	830730	4792.147050988153	1.0066165	1.2000000000000002
1352.0820702226722	1850	13.277394004980149	0.0	846370	3718.25320400554	0.49476588	1.85

