6278.094336817391	750	4.0	2.7720774829579558	450283	2772.077482957956	0.7620212	-11.169933176719208
6280.647274452115	750	5.44706236527567	0.0	398865	2552.9376347243297	0.5718248	0.75
6282.38834387673	750	7.705992940661611	0.0	350812	1741.069424614059	0.52004457	0.75
6283.849395290881	750	10.2449415265102	0.0	382355	1461.0514141514122	0.67457783	0.75
6285.114237140163	750	12.980099677228496	0.0	411561	1264.8418492817027	0.94426453	0.75
6287.5065895992375	1200	14.587747218153691	0.0	520315	2392.352459074806	1.16118	0.75
6289.3117445812895	1200	16.78259223610229	0.0	561791	1805.154982051403	0.30470103	1.2
6292.053915592466	1200	18.040421224925403	0.0	709534	2742.171011176889	0.30162817	1.2
6295.274361843132	1200	18.81997497425975	0.0	584846	3220.4462506656505	0.36571467	1.2
6298.663080932004	1200	19.43125588538788	0.0	560821	3388.719088871868	0.306085	1.2
6303.28292647947	1200	18.811410337922666	0.0	607410	4619.845547465215	0.23740959	1.2
6308.621836887762	1200	17.472499929630253	0.0	594078	5338.910408292412	0.13869366	1.2
6312.970209223234	1200	17.1241275941581	0.0	624282	4348.372335472152	0.13681416	1.2
6321.574149865264	1200	12.520186952128116	0.0	687371	8603.940642029986	0.18104446	1.2
6327.924450001912	1200	10.169886815480233	0.0	526950	6350.300136647883	0.57870644	1.2
6330.7732484236185	1200	11.32108839377394	0.0	587876	2848.798421706293	0.90018076	1.2
6333.401424886369	1200	12.69291193102363	0.0	617242	2628.17646275031	0.47505468	1.2
6335.013500634895	1200	15.08083618249754	0.0	581493	1612.075748526091	0.27112442	1.2
6340.239589301782	1200	13.854747515610688	0.0	639204	5226.088666886852	0.5978265	1.2
6344.498194618367	1200	13.596142199025476	0.0	586839	4258.605316585213	0.38651747	1.2
6346.287075547251	1200	15.807261270140787	0.0	601738	1788.8809288846871	0.35370195	1.2
6348.005835849636	1200	18.08850096775517	0.0	616206	1718.7603023856145	0.47550592	1.2
6349.928823284328	1200	20.165513533063763	0.0	656471	1922.9874346914082	0.7296976	1.2
6351.2875329062035	1200	22.806803911188677	0.0	536667	1358.70962187509	1.0422144	1.2
6352.78550083662	1200	25.308835980773374	0.0	587236	1497.967930415304	1.1024069	1.2
6354.547367383561	1200	27.546969433831656	0.0	590335	1761.8665469417192	1.1847488	1.2
6356.944049320907	1200	29.150287496486794	0.0	696376	2396.68193734486	1.0216779	1.2
6361.386596801795	1850	28.707740015598574	0.0	758197	4442.547480888221	1.2351241	1.2000000000000002
6372.603847961321	1850	21.490488856072876	0.0	972798	11217.251159525698	0.6030481	1.85
6389.9575169771815	1850	8.13681984021215	0.0	975811	17353.669015860727	0.5053057	1.85
6391.36860456719	300	10.725732250203048	0.0	157421	1411.0875900091023	1.0736659	-1.25
6392.493992547853	300	13.600344269540654	0.0	157488	1125.3879806623938	0.68869096	0.3
6395.740133523358	1200	14.354203294035663	0.0	584349	3246.1409755049895	1.4107182	0.29999999999999993
6398.386401052587	1200	15.707935764806699	0.0	670129	2646.2675292289664	0.73978055	1.2
6401.056821729863	1200	17.03751508753053	0.0	690253	2670.420677276167	0.36565065	1.2
6403.198946281083	1200	18.895390536309627	0.0	598727	2142.1245512209043	0.84789395	1.2
6405.081985658291	1200	21.012351159102554	0.0	487812	1883.039377207074	1.0994248	1.2
6408.555307174828	1200	21.53902964256538	0.0	575591	3473.3215165371703	1.1705422	1.2
6411.291138209656	1200	22.80319860773746	0.0	605884	2735.831034827923	0.850438	1.2
6413.772184241692	1200	24.32215257570081	0.0	587506	2481.0460320366515	1.0025555	1.2
6417.292525502668	1850	24.801811314725185	0.0	858450	3520.341260975622	1.1326604	1.2000000000000002
6421.265799096799	1850	24.82853772059388	0.0	1025005	3973.2735941313085	0.688297	1.85
6425.703870824952	1850	24.39046599244127	0.0	886255	4438.071728152608	0.9467558	1.85
6429.867228595045	1850	24.227108222347393	0.0	973972	4163.357770093879	0.59401584	1.85
6433.156555319743	1850	24.93778149764932	0.0	958994	3289.3267246980768	0.768599	1.85
6436.585968521683	1850	25.50836829570996	0.0	982064	3429.4132019393583	0.8229641	1.85
6441.229098635619	2850	24.865238181772884	0.0	1231456	4643.130113937073	1.0999508	1.85
6447.0883273824065	2850	23.006009434985756	0.0	1364537	5859.228746787128	0.70460236	2.85

