4725.788037121483	750	4.0	2.993897582587049	450283	2993.897582587049	1.4709053	-12.12375960512431
4728.311876602109	750	5.4761605193743845	0.0	398865	2523.8394806256156	0.61587286	0.75
4729.726014451056	750	8.062022670427524	0.0	350812	1414.13784894686	0.5127566	0.75
4731.0129672773255	750	10.775069844157693	0.0	382355	1286.9528262698318	0.93729436	0.75
4732.158456377888	750	13.629580743595572	0.0	411561	1145.4891005621203	1.0677133	0.75
4733.837041915092	1200	15.950995206391323	0.0	520315	1678.5855372042506	1.2903107	0.75
4735.68633968002	1200	18.101697441464122	0.0	561791	1849.2977649271984	0.46312565	1.2
4737.844846465642	1200	19.943190655841615	0.0	709534	2158.506785622505	0.3464798	1.2
4739.674537557517	1200	22.11349956396704	0.0	584846	1829.691091874577	0.60656863	1.2
4741.141452841847	1200	24.64658427963658	0.0	560821	1466.9152843304582	0.7307646	1.2
4743.22926237225	1200	26.55877474923443	0.0	607410	2087.809530402149	0.9509876	1.2
4745.426212503864	1200	28.36182461761964	0.0	594078	2196.950131614789	0.7848892	1.2
4747.353671278676	1200	30.434365842807754	0.0	624282	1927.4587748118856	0.7943057	1.2
4749.868103604608	1200	31.919933516875876	0.0	687371	2514.432325931878	0.77028424	1.2
4751.7772619427315	1200	34.01077517875301	0.0	526950	1909.1583381228684	0.90661025	1.2
4753.767146207282	1200	36.02089091420226	0.0	587876	1989.8842645507425	0.88996506	1.2
4756.018548435659	1200	37.769488685825785	0.0	617242	2251.4022283764825	0.94085836	1.2
4758.343693079818	1200	39.44434404166653	0.0	581493	2325.1446441592475	0.95129645	1.2
4761.087627777679	1200	40.70040934380597	0.0	639204	2743.93469786056	0.7546821	1.2
4763.266040748564	1200	42.52199637292129	0.0	586839	2178.4129708846804	0.8365343	1.2
4765.718039177242	1200	44.069997944243106	0.0	601738	2451.998428678183	0.94458234	1.2
4768.374067761725	1200	45.41396935975963	0.0	616206	2656.028584483474	0.87859875	1.2
4771.116331561598	1200	46.671705559886384	0.0	656471	2742.2637998732566	0.8328507	1.2
4773.177560692843	1200	48.61047642864178	0.0	536667	2061.2291312445927	0.9671459	1.2
4775.179876660869	1200	50.60816046061506	0.0	587236	2002.3159680267272	1.120068	1.2
4777.441997397973	1200	52.34603972351098	0.0	590335	2262.1207371040814	1.2031809	1.2
4780.4092844748475	1200	53.378752646635924	0.0	696376	2967.28707687505	1.1516829	1.2
4782.19244263996	1200	55.59559448152387	0.0	487160	1783.1581651120543	1.2647827	1.2
4784.600270460645	1200	57.187766660838335	0.0	622896	2407.8278206855302	1.362083	1.2
4787.208991971844	1200	58.5790451496399	0.0	641447	2608.72151119843	1.3546162	1.2
4796.028543604391	4300	53.759493517091855	0.0	2113193	8819.551632548051	1.367254	1.1999999999999997
4804.931991112813	4300	48.85604600867052	0.0	2147852	8903.447508421335	0.22236983	4.3
4816.730027376104	4300	41.05800974537992	0.0	2191074	11798.036263290602	0.43238658	4.3
4830.153350673881	4300	31.634686447603436	0.0	2286761	13423.323297776482	0.6346535	4.3
4840.700920354669	2850	25.087116766814784	0.0	1492672	10547.569680788652	0.7916945	1.4000000000000001
4846.105158214771	2850	23.68287890671287	0.0	1439896	5404.237860101915	0.7494874	2.85
4850.663183156441	2850	23.12485396504266	0.0	1139291	4558.024941670207	0.2010157	2.85
4857.277942085845	2850	20.510095035637825	0.0	1499009	6614.758929404836	0.40176484	2.85
4862.652549853079	2850	19.135487268404507	0.0	1427478	5374.607767233316	0.57161033	2.85
4868.368020380132	2850	17.420016741351866	0.0	1402287	5715.470527052642	0.34646028	2.85
4874.961234243687	2850	14.826802877797695	0.0	1339500	6593.213863554171	0.45527047	2.85
4880.9496352301785	2850	12.838401891304676	0.0	1527299	5988.400986493019	0.71431124	2.85
4886.183407726219	2850	11.604629395265036	0.0	1343002	5233.772496039639	0.52697814	2.85
4892.041857213947	2850	9.746179907536764	0.0	1587250	5858.449487728273	0.75982416	2.85
4897.376203033977	2850	8.411834087507783	0.0	1464921	5334.345820028981	0.78080356	2.85
4902.789174943145	2850	6.9988621783395635	0.0	1483527	5412.971909168219	0.8144841	2.85
4908.145181852486	2850	5.642855268997945	0.0	1231456	5356.006909341619	0.8437959	2.85
4912.2216688380195	1850	5.56636828346412	0.0	846370	4076.4869855338247	0.96418893	0.8500000000000001

