3648.892448090543	750	4.0	1.4326655545084757	450283	1432.6655545084757	0.6029146	-5.410461884386445
3650.251152561128	750	6.641295529414785	0.0	398865	1358.7044705852145	0.9179425	0.75
3651.639999800002	750	9.252448290540524	0.0	350812	1388.8472388742618	1.0160677	0.75
3653.229904879262	750	11.662543211280328	0.0	382355	1589.9050792601952	1.0278912	0.75
3656.345163784817	750	12.547284305725706	0.0	411561	3115.2589055546237	0.88663006	0.75
3658.108982576255	1200	14.783465514287268	0.0	520315	1763.8187914384368	0.8366005	0.75
3660.002762631264	1200	16.889685459278635	0.0	561791	1893.7800550086374	0.3691005	1.2
3662.1950337410312	1200	18.697414349511416	0.0	709534	2192.2711097672172	0.3231534	1.2
3664.1312383299314	1200	20.761209760611322	0.0	584846	1936.2045889000915	0.6609101	1.2
3665.8940898714623	1200	22.998358219080487	0.0	560821	1762.8515415308357	0.58902234	1.2
3667.9211918951682	1200	24.971256195374828	0.0	607410	2027.1020237056628	0.7788102	1.2
3670.084582977992	1200	26.8078651125509	0.0	594078	2163.3910828239277	0.56187695	1.2
3672.0937736720125	1200	28.79867441853051	0.0	624282	2009.1906940203883	0.61934406	1.2
3675.535432509385	1200	29.357015581157903	0.0	687371	3441.658837372607	0.69839334	1.2
3678.188582343124	1200	30.70386574741923	0.0	526950	2653.149833738672	0.5910168	1.2
3680.6176651024252	1200	32.27478298811797	0.0	587876	2429.0827593012577	0.58451223	1.2
3682.8193998258275	1200	34.07304826471541	0.0	617242	2201.7347234025565	0.61240923	1.2
3685.157150280663	1200	35.73529780988022	0.0	581493	2337.7504548351953	0.77131605	1.2
3687.3426794731145	1200	37.54976861742827	0.0	639204	2185.529192451946	0.6082845	1.2
3689.241474103441	1200	39.65097398710203	0.0	586839	1898.7946303262402	0.8951617	1.2
3691.243370263821	1200	41.649077826722205	0.0	601738	2001.8961603798225	0.9362348	1.2
3693.461350629266	1200	43.43109746127712	0.0	616206	2217.9803654450907	0.9516541	1.2
3695.576247484657	1200	45.31620060588616	0.0	656471	2114.8968553909544	0.93456256	1.2
3697.6240630999732	1200	47.26838499056987	0.0	536667	2047.8156153162863	1.1765842	1.2
3701.51024734805	1200	47.382200742493126	0.0	587236	3886.184248076747	1.1862528	1.2
3703.522157154552	1200	49.37029093599099	0.0	590335	2011.9098065021387	0.6969425	1.2
3705.822225090491	1200	51.07022300005211	0.0	696376	2300.067935938885	1.1492748	1.2
3707.346775441017	1200	53.54567264952617	0.0	487160	1524.550350525939	1.4073696	1.2
3714.182232915536	4300	50.71021517500736	0.0	2134614	6835.457474518806	1.3576643	1.1999999999999997
3723.322372053791	4300	45.57007603675245	0.0	2164140	9140.139138254915	0.3110474	4.3
3731.212453872886	4300	41.67999421765729	0.0	2113193	7890.081819095163	0.4139292	4.3
3738.239824809818	4300	38.65262328072519	0.0	2147852	7027.370936932103	0.59473926	4.3
3747.5035696672803	4300	33.38887842326329	0.0	2191074	9263.7448574619	0.66983384	4.3
3752.4739955502873	2850	32.41845254025585	0.0	1587293	4970.42588300744	0.7576922	1.4000000000000001
3757.2431164376844	2850	31.649331652858784	0.0	1492672	4769.120887397065	0.24764529	2.85
3762.1405849919925	2850	30.75186309855044	0.0	1439896	4897.468554308342	0.20821968	2.85
3767.926509973627	2850	28.965938116915844	0.0	1139291	5785.924981634599	0.103699535	2.85
3773.5844149329564	2850	27.3080331575864	0.0	1499009	5657.904959329445	0.32454503	2.85
3778.3613782685798	2850	26.531069821962728	0.0	1427478	4776.963335623673	0.21606553	2.85
3783.054035387945	2850	25.838412702597566	0.0	1402287	4692.657119365161	0.2095713	2.85
3788.0624790023166	2850	24.829969088225997	0.0	1339500	5008.44361437157	0.26362953	2.85
3794.5734802560833	2850	22.31896783445921	0.0	1527299	6511.001253766785	0.34514377	2.85
3798.764676424022	2850	22.127771666520136	0.0	1343002	4191.196167939075	0.35753942	2.85
3804.0357765131157	2850	20.85667157742713	0.0	1587250	5271.100089093008	0.37051076	2.85
3810.226457768607	2850	18.665990321935812	0.0	1464921	6190.681255491317	0.44217026	2.85
3816.1909262395916	2850	16.701521850951046	0.0	1483527	5964.468470984767	0.43150833	2.85
3820.701152521888	2850	16.191295568654496	0.0	1231456	4510.2262822965495	0.6072943	2.85
3825.131701939341	2850	15.760746151201554	0.0	1364537	4430.54941745294	0.48483503	2.85

