19101.429468590406	750	4.0	1.3915974527875299	450283	1391.5974527875298	1.1314412	-5.233869046986379
19103.53398604257	1200	5.895482547833153	0.0	611087	2104.517452166847	0.94088686	0.75
19105.727630625133	1200	7.701837965271076	0.0	571051	2193.644582562078	0.34603542	1.2
19107.946449014482	1200	9.483019575921768	0.0	617681	2218.8183893493087	0.55986834	1.2
19110.06772707848	1200	11.361741511925484	0.0	652874	2121.278063996283	0.2939465	1.2
19111.981464017026	1200	13.448004573377206	0.0	520315	1913.7369385482787	0.5411899	1.2
19113.945722305118	1200	15.48374628528324	0.0	561791	1964.2582880939642	0.39670813	1.2
19115.913039736115	1200	17.516428854286424	0.0	709534	1967.317430996818	0.39339632	1.2
19117.654350382454	1200	19.77511820794529	0.0	584846	1741.3106463411334	0.7652779	1.2
19119.44706375523	1200	21.98240483516937	0.0	560821	1792.713372775926	0.81178457	1.2
19121.311308815413	1200	24.118159774985077	0.0	607410	1864.2450601842909	0.8359156	1.2
19123.56252261075	1200	25.86694597964817	0.0	594078	2251.2137953369056	0.785471	1.2
19125.881127863704	1200	27.54834072669282	0.0	624282	2318.605252955348	0.7062021	1.2
19128.515682915677	1200	28.913785674720774	0.0	687371	2634.5550519720505	0.60747594	1.2
19130.496750481634	1200	30.932718108760877	0.0	526950	1981.0675659598971	0.7879211	1.2
19132.862090580533	1200	32.56737800986024	0.0	587876	2365.340098900638	0.81274027	1.2
19135.769672009592	1200	33.65979658080403	0.0	617242	2907.5814290562166	0.7290033	1.2
19138.767233640767	1200	34.662234949625756	0.0	581493	2997.5616311782715	0.61018836	1.2
19140.87219871947	1200	36.55726987092552	0.0	639204	2104.9650787002283	0.45741388	1.2
19143.20881595286	1200	38.22065263753401	0.0	586839	2336.6172333915115	0.85261047	1.2
19146.004711227037	1200	39.42475736335561	0.0	601738	2795.8952741784046	0.75769246	1.2
19148.625433819725	1200	40.804034770668295	0.0	616206	2620.7225926873107	0.64904845	1.2
19151.03808158228	1200	42.39138700811596	0.0	656471	2412.6477625523307	0.64243454	1.2
19153.183962844065	1200	44.245505746326494	0.0	536667	2145.881261789466	0.93038374	1.2
19155.35130144604	1200	46.07816714435336	0.0	587236	2167.338601973141	0.9457154	1.2
19157.445901826697	1200	47.98356676369259	0.0	590335	2094.600380660759	1.0638543	1.2
19160.485469509964	1200	48.94399908042869	0.0	696376	3039.5676832639106	1.0925801	1.2
19162.593649809023	1200	50.8358187813686	0.0	487160	2108.1802990600872	1.1228385	1.2
19165.364190340693	1200	52.06527824969478	0.0	622896	2770.540531673826	1.1317447	1.2
19168.138511556157	1200	53.290957034232456	0.0	641447	2774.3212154623207	1.1510324	1.2
19170.34940637524	1200	55.08006221514946	0.0	570392	2210.8948190829974	1.3173511	1.2
19172.88108623683	1200	56.54838235355745	0.0	620283	2531.6798615920115	1.3492496	1.2
19181.26217231822	4300	52.16729627216851	0.0	2191074	8381.086081388945	1.3937283	1.1999999999999997
19189.05332850309	4300	48.37614008729671	0.0	2286761	7791.156184871793	0.27143294	4.3
19196.92079713791	4300	44.50867145247645	0.0	2307787	7867.4686348202695	0.42365977	4.3
19205.245056149	4300	40.184412441387124	0.0	2143948	8324.25901108932	0.31656143	4.3
19211.802666431147	4300	37.62680215924233	0.0	1919781	6557.610282144795	0.41082922	4.3
19219.418972387044	4300	34.01049620334261	0.0	2147467	7616.30595589972	0.62499225	4.3
19228.46456769655	4300	28.964900893839328	0.0	2133870	9045.595309503286	0.6406419	4.3
19233.162462485092	2850	28.267006105293174	0.0	1402287	4697.894788546154	0.7746631	1.4000000000000001
19237.763669791606	2850	27.66579879878079	0.0	1339500	4601.207306512383	0.17707166	2.85
19246.274752000176	2850	23.15471659021047	0.0	1527299	8511.082208570324	0.3308427	2.85
19253.70957676425	2850	19.71989182613615	0.0	1343002	7434.824764074321	0.2667439	2.85
19260.225387359973	2850	17.204081230409663	0.0	1587250	6515.810595726487	0.5415913	2.85
19265.844162952468	2850	15.585305637913182	0.0	1464921	5618.775592496481	0.58857584	2.85
19271.667364338708	2850	13.762104251673131	0.0	1483527	5823.201386240051	0.5556265	2.85
19277.212628407877	2850	12.216840182501596	0.0	1231456	5545.264069171535	0.48590142	2.85
19283.237231741696	2850	10.192236848681656	0.0	1364537	6024.603333819939	0.64991105	2.85

