20876.156515810846	750	4.0	6.6911010369313795	450283	6691.10103693138	0.85921144	-28.021734458804932
20877.99557833115	300	6.160937479695716	0.0	155580	1839.0625203042848	0.25535566	-0.15000000000000002
20879.36459985249	300	8.791915958355675	0.0	139857	1369.0215213400395	0.17780094	0.3
20880.61135918248	300	11.545156628364916	0.0	155432	1246.7593299907599	0.3972829	0.3
20881.787281523408	300	14.369234287440888	0.0	163442	1175.9223409240274	0.63364655	0.3
20882.768156177273	300	17.38835963357115	0.0	126289	980.8746538697418	0.9600365	0.3
20884.422637442774	300	19.73387836806929	0.0	153295	1654.4812655018584	0.8768495	0.3
20886.623872925862	300	21.53264288498172	0.0	173849	2201.2354830875693	0.6972636	0.3
20888.02396243346	300	24.132553377382756	0.0	150710	1400.0895075989633	0.7403828	0.3
20890.020832092025	300	26.135683718821276	0.0	139105	1996.8696585614773	0.865423	0.3
20892.6212475527	300	27.53526825814596	0.0	141840	2600.415460675318	0.74628246	0.3
20896.6775022313	300	27.479013579547996	0.0	156148	4056.254678597964	0.47431377	0.3
20901.01739080713	300	27.139125003719585	0.0	160746	4339.888575828408	0.38437217	0.3
20905.561673376047	300	26.59484243480418	0.0	179801	4544.28256891541	0.17975003	0.3
20910.378559124616	300	25.777956686233637	0.0	140051	4816.88574857054	0.2398532	0.3
20915.217108206805	300	24.93940760404564	0.0	138313	4838.549082187995	0.11219339	0.3
20919.065105021746	300	25.091410789107	0.0	143509	3847.996814938639	0.08255428	0.3
20923.305413901806	300	24.851101909044743	0.0	150616	4240.308880062256	0.06308389	0.3
20927.23326724443	300	24.923248566417758	0.0	165384	3927.8533426269873	0.047785033	0.3
20929.91700874879	300	26.239507062059204	0.0	140881	2683.741504358554	0.07593901	0.3
20932.54862872347	300	27.607887087378696	0.0	157671	2631.619974680511	0.07303309	0.3
20935.289752528603	300	28.866763282245085	0.0	157812	2741.1238051336104	0.10905246	0.3
20938.66752568061	300	29.488990130239458	0.0	163927	3377.7731520056263	0.122029945	0.3
20942.367387115133	300	29.789128695718187	0.0	137654	3699.861434521269	0.16018738	0.3
20944.930738519553	300	31.22577729129688	0.0	146754	2563.351404421308	0.14562313	0.3
20946.14414909663	300	34.01236671422112	0.0	153938	1213.4105770757567	0.17226359	0.3
20947.367432756884	300	36.789083053965214	0.0	181901	1223.2836602559048	0.94417334	0.3
20948.02513032065	300	40.13138549020287	0.0	111155	657.69756376235	1.3831922	0.3
20952.105052161274	1200	40.051463649581166	0.0	622896	4079.9218406217014	1.3447963	0.29999999999999993
20956.091816073163	1200	40.06469973768824	0.0	641447	3986.7639118929324	0.45235327	1.2
20960.030192459333	1200	40.12632335151789	0.0	570392	3938.3763861703483	0.41193432	1.2
20964.26371866502	1200	39.89279714582938	0.0	620283	4233.526205688509	0.45950347	1.2
20967.368807235907	1200	40.78770857494453	0.0	584349	3105.0885708848464	0.46189934	1.2
20971.648926159964	1200	40.50758965089048	0.0	670129	4280.1189240540525	0.5322152	1.2
20975.288832653718	1200	40.867683157135666	0.0	690253	3639.906493754811	0.4178701	1.2
20978.312465652944	1200	41.844050157909706	0.0	598727	3023.63299922596	0.55772036	1.2
20980.8337286077	1200	43.32278720315144	0.0	487812	2521.262954758262	1.0305767	1.2
20984.055393516745	1200	44.1011222941035	0.0	575591	3221.66490904795	1.0187193	1.2
20988.26784238385	1200	43.888673426999794	0.0	605884	4212.448867103696	0.9681905	1.2
20992.530189783483	1200	43.62632602736603	0.0	587506	4262.347399633772	0.79709953	1.2
20997.8849457741	1200	42.27157003674924	0.0	566904	5354.755990616791	0.93771815	1.2
21001.35874215928	1200	42.79777365157104	0.0	641452	3473.796385178197	0.6921656	1.2
21004.755416260512	1200	43.40109955033737	0.0	599477	3396.674101233668	1.2091141	1.2
21008.380924514953	1200	43.77559129589411	0.0	634861	3625.508254443262	1.16851	1.2
21013.27058665898	1200	42.885929151870194	0.0	630203	4889.662144023916	1.2166731	1.2
21017.127248089066	1200	43.02926772178207	0.0	638661	3856.6614300881292	1.018188	1.2
21029.0723832606	4300	35.084132550246224	0.0	1961140	11945.135171535849	1.2850976	1.1999999999999997
21043.00580677746	4300	25.15070903338892	0.0	2155012	13933.4235168573	0.2249971	4.3

