171.85673749585226	750	4.0	2.7857807865153212	450283	2785.7807865153213	0.7319894	-11.228857382015882
174.25695960709334	750	5.599777888758914	0.0	398865	2400.222111241086	0.5738168	0.75
175.66712203453417	750	8.189615461318068	0.0	350812	1410.162427440845	0.54865867	0.75
177.38067810001644	750	10.476059395835795	0.0	382355	1713.5560654822739	0.95464385	0.75
179.84934696498433	750	12.007390530867891	0.0	411561	2468.668864967904	0.85900044	0.75
181.26314307415888	750	14.593594421693368	0.0	318564	1413.7961091745235	0.86435866	0.75
183.74023256373664	1200	16.11650493211559	0.0	561791	2477.08948957778	0.9077469	0.75
186.91828345769446	1200	16.938454038157765	0.0	709534	3178.050893957822	0.16082592	1.2
189.5372006832966	1200	18.319536812555626	0.0	584846	2618.917225602138	0.22129795	1.2
192.4249466845558	1200	19.431790811296413	0.0	560821	2887.7460012592114	0.30918476	1.2
195.69511247143598	1200	20.161625024416267	0.0	607410	3270.1657868801476	0.31525162	1.2
198.94383489257777	1200	20.912902603274443	0.0	594078	3248.7224211418197	0.1985206	1.2
202.52331308348494	1200	21.333424412367282	0.0	624282	3579.4781909071608	0.20259863	1.2
206.25646547478644	1200	21.600272021065777	0.0	687371	3733.1523913015085	0.15535915	1.2
208.84153123616733	1200	23.015206259684877	0.0	526950	2585.065761380898	0.21699582	1.2
211.50293697758354	1200	24.353800518268663	0.0	587876	2661.405741416213	0.29411444	1.2
214.63973962794017	1200	25.21699786791203	0.0	617242	3136.8026503566325	0.3470998	1.2
217.50521988236096	1200	26.351517613491257	0.0	581493	2865.480254420773	0.2614442	1.2
220.75618020107603	1200	27.10055729477619	0.0	639204	3250.9603187150697	0.26876715	1.2
223.79155051170383	1200	28.06518698414838	0.0	586839	3035.3703106278117	0.30236453	1.2
226.48331552462497	1200	29.373421971227234	0.0	601738	2691.7650129211424	0.30031368	1.2
229.20597235338244	1200	30.65076514246977	0.0	616206	2722.6568287574646	0.38186264	1.2
232.32692005331958	1200	31.529817442532647	0.0	656471	3120.9476999371227	0.4238237	1.2
235.25535007090267	1200	32.60138742494956	0.0	536667	2928.430017583091	0.47117168	1.2
237.8134524849007	1200	34.04328501095153	0.0	587236	2558.102413998025	0.44498354	1.2
241.37607974877545	1200	34.480657747076755	0.0	590335	3562.6272638747737	0.53419584	1.2
245.55938008839735	1200	34.297357407454854	0.0	696376	4183.3003396218965	0.3309605	1.2
247.4902472665656	1200	36.36649022928663	0.0	487160	1930.8671781682249	0.48033997	1.2
251.38355686938013	1200	36.47318062647211	0.0	622896	3893.3096028145183	0.6529321	1.2
256.47793984893013	1200	35.37879764692212	0.0	641447	5094.382979549985	0.36694178	1.2
260.68459761262415	1200	35.17213988322809	0.0	570392	4206.657763694033	0.30442154	1.2
265.4220803979248	1200	34.434657097927435	0.0	620283	4737.482785300656	0.26063293	1.2
269.3023565573245	1200	34.5543809385277	0.0	584349	3880.2761593997297	0.3255341	1.2
272.43777687073566	1200	35.41896062511655	0.0	670129	3135.420313411152	0.33135515	1.2
275.4840938137684	1200	36.37264368208381	0.0	690253	3046.3169430327303	0.56106955	1.2
278.4438132919079	1200	37.41292420394434	0.0	598727	2959.7194781394687	0.6895503	1.2
280.5383874159501	1200	39.31835007990212	0.0	487812	2094.5741240422212	0.9352783	1.2
283.2348298162956	1200	40.621907679556664	0.0	575591	2696.4424003454583	1.0351474	1.2
286.2120304667034	1200	41.64470702914884	0.0	605884	2977.200650407821	1.0870434	1.2
288.8907414696052	1200	42.965996026247055	0.0	587506	2678.711002901786	1.1491666	1.2
291.4635935226126	1200	44.393143973239624	0.0	566904	2572.8520530074293	1.3343859	1.2
304.8478329589568	4300	35.00890453689535	0.0	2184571	13384.239436344273	1.2823102	1.1999999999999997
322.2761200543687	4300	21.580617441483472	0.0	2121928	17428.28709541188	0.15409075	4.3
332.32864967117774	1850	15.528087824674438	0.0	973972	10052.529616809034	1.134404	-0.6000000000000001
342.56347438528417	1850	9.293263110567977	0.0	958994	10234.82471410646	0.5834944	1.85
347.8533339188219	1200	8.003403577030301	0.0	638661	5289.859533537677	1.0857356	0.5499999999999999
351.0534132924519	1200	8.80332420340023	0.0	538612	3200.0793736300698	0.75514084	1.2
354.21383296640414	1200	9.642904529448034	0.0	550906	3160.4196739521976	0.6950191	1.2

