4913.069794347894	750	4.0	0.848125509873515	450283	848.1255098735149	0.50526166	-2.8969396924561144
4914.920181361971	1850	6.14961298592224	0.0	957685	1850.3870140777597	1.2248572	0.75
4916.80550454374	1850	8.264289804153233	0.0	877771	1885.323181769007	0.7538524	1.85
4918.522041169095	1850	10.547753178798622	0.0	933276	1716.5366253546108	0.5409483	1.85
4920.507127840285	1850	12.562666507608327	0.0	996749	1985.086671190296	0.91876805	1.85
4922.142883160477	1850	14.926911187415577	0.0	801058	1635.7553201927497	1.1039172	1.85
4923.890552701511	1850	17.179241646381524	0.0	905515	1747.6695410340515	0.84846747	1.85
4925.933647663338	1850	19.136146684555115	0.0	1060487	2043.0949618264094	0.6789119	1.85
4927.52222425569	1850	21.547570092202715	0.0	852833	1588.5765923524004	1.010884	1.85
4929.253094027155	1850	23.81670032073781	0.0	913888	1730.8697714649065	0.9544719	1.85
4931.008022385911	1850	26.061771961981385	0.0	939819	1754.9283587564194	0.98716974	1.85
4932.727247262262	1850	28.342547085630333	0.0	917428	1719.2248763510556	1.0128546	1.85
4934.510089942452	1850	30.55970440543978	0.0	946851	1782.8426801905512	0.9989116	1.85
4936.5212116311695	1850	32.548582716723	0.0	1036454	2011.121688716787	0.9687773	1.85
4940.380523005203	4300	32.68927134268932	0.0	2005399	3859.311374033679	1.0273345	1.8499999999999996
4944.730593213897	4300	32.339201133995516	0.0	2152483	4350.070208693804	0.098946184	4.3
4948.79236915382	4300	32.27742519407263	0.0	2289689	4061.775939922884	0.15931869	4.3
4952.906860812136	4300	32.16293353575664	0.0	2059512	4114.491658315981	0.07677752	4.3
4957.037759762974	4300	32.032034584917746	0.0	2220726	4130.898950838902	0.15646172	4.3
4961.226819870691	4300	31.84297447720136	0.0	2156729	4189.060107716383	0.13436028	4.3
4965.542865142445	4300	31.52692920544751	0.0	2039773	4316.04527175385	0.13069633	4.3
4969.472942237204	4300	31.596852110688822	0.0	2176469	3930.0770947586852	0.24554996	4.3
4973.654164894312	4300	31.415629453581175	0.0	2221506	4181.222657107644	0.24768473	4.3
4977.427636019552	4300	31.642158328341047	0.0	2044075	3773.47112524013	0.1549396	4.3
4981.464596265081	4300	31.60519808281164	0.0	2186790	4036.9602455294066	0.17814845	4.3
4985.085348142952	4300	31.984446204941502	0.0	2105231	3620.7518778701397	0.13654785	4.3
4989.739310585255	4300	31.330483762638345	0.0	2395588	4653.962442303157	0.20782736	4.3
4993.592515516056	4300	31.477278831837076	0.0	1972048	3853.204930801268	0.10315812	4.3
4997.9105067988585	4300	31.159287549034488	0.0	2134614	4317.99128280259	0.12369064	4.3
5002.092553562272	4300	30.977240785621895	0.0	2164140	4182.046763412592	0.12224409	4.3
5005.838647555059	4300	31.23114679283486	0.0	2113193	3746.093992787035	0.10866457	4.3
5009.682521688957	4300	31.387272658935707	0.0	2147852	3843.8741338991526	0.07874373	4.3
5014.0302441843805	4300	31.03955016351291	0.0	2191074	4347.722495422796	0.082801044	4.3
5018.090880981237	4300	30.978913366655753	0.0	2286761	4060.636796857159	0.11709394	4.3
5022.411729849522	4300	30.658064498371466	0.0	2307787	4320.848868284285	0.10110076	4.3
5026.606229050217	4300	30.463565297675828	0.0	2143948	4194.499200695638	0.06762334	4.3
5030.207200198555	4300	30.86259414933755	0.0	1919781	3600.971148338276	0.05454988	4.3
5034.264034153815	4300	30.80576019407789	0.0	2147467	4056.833955259658	0.056031298	4.3
5038.26290632516	4300	30.80688802273337	0.0	2133870	3998.8721713445175	0.044570856	4.3
5042.177866724217	4300	30.89192762367599	0.0	2146120	3914.9603990573823	0.042243563	4.3
5046.1510556257645	4300	30.91873872212867	0.0	2108491	3973.1889015473225	0.035104655	4.3
5050.39558053567	4300	30.674213812223318	0.0	2184571	4244.524909905351	0.032413878	4.3
5054.608279143148	4300	30.46151520474528	0.0	2121928	4212.698607478042	0.031924687	4.3
5058.493408646974	4300	30.576385700920063	0.0	2219102	3885.1295038252188	0.032796003	4.3
5062.859211022943	4300	30.21058332495091	0.0	2124950	4365.802375969151	0.020896079	4.3
5066.999600710743	4300	30.07019363715147	0.0	2246506	4140.389687799442	0.02809056	4.3
5070.762078155637	4300	30.307716192258237	0.0	1961140	3762.4774448932285	0.020828025	4.3
5075.280208867193	4300	29.789585480701696	0.0	2155012	4518.130711556542	0.020784706	4.3

