10044.105035127419	750	4.0	1.384287999087403	450283	1384.287999087403	0.67321277	-5.202438396075833
10046.190825859727	1200	5.9142092676901505	0.0	611087	2085.7907323098493	0.9452574	0.75
10048.396836995022	1200	7.7081981323951245	0.0	571051	2206.0111352950253	0.35308683	1.2
10050.505880941857	1200	9.599154185560037	0.0	617681	2109.043946835087	0.5558411	1.2
10052.675562087647	1200	11.429473039771706	0.0	652874	2169.6811457883323	0.31519687	1.2
10054.3903039952	1200	13.714731132217286	0.0	520315	1714.7419075544187	0.53203726	1.2
10056.248152502962	1200	15.856882624455087	0.0	561791	1857.8485077621995	0.4740516	1.2
10058.513560081296	1200	17.591475046120454	0.0	709534	2265.4075783346325	0.43580705	1.2
10060.466054940398	1200	19.63898018701806	0.0	584846	1952.4948591023938	0.7094341	1.2
10062.173558183524	1200	21.93147694389423	0.0	560821	1707.503243123834	0.71174234	1.2
10064.218886206454	1200	23.88614892096358	0.0	607410	2045.3280229306463	0.83139145	1.2
10066.34920099904	1200	25.75583412837758	0.0	594078	2130.3147925860035	0.7071656	1.2
10069.464761755327	1200	26.640273372091134	0.0	624282	3115.560756286441	0.7119806	1.2
10072.145899842682	1200	27.959135284734685	0.0	687371	2681.1380873564503	0.3877282	1.2
10073.858807875255	1200	30.24622725216239	0.0	526950	1712.9080325722932	0.71079475	1.2
10076.176569863612	1200	31.92846526380661	0.0	587876	2317.7619883557823	0.809965	1.2
10080.092573633518	1200	32.01246149390055	0.0	617242	3916.0037699060554	0.74562407	1.2
10085.39534939302	1200	30.709685734398583	0.0	581493	5302.77575950197	0.3931942	1.2
10091.096774086413	1200	29.00826104100615	0.0	639204	5701.424693392432	0.17359543	1.2
10098.775282661854	1200	25.329752465562464	0.0	586839	7678.508575443683	0.16437	1.2
10105.216218651063	1200	22.88881647635346	0.0	601738	6440.935989209008	0.16869596	1.2
10111.552902984215	1200	20.552132143201945	0.0	616206	6336.6843331515165	0.22889447	1.2
10117.507044748396	1200	18.59799037902184	0.0	656471	5954.141764180103	0.26813716	1.2
10121.300047200419	1200	18.804987926998916	0.0	536667	3793.0024520229267	0.2882163	1.2
10125.11910881897	1200	18.985926308446658	0.0	587236	3819.0616185522535	0.44820684	1.2
10128.73089304242	1200	19.374142084996002	0.0	590335	3611.7842234506575	0.4161058	1.2
10132.736281478736	1200	19.36875364868041	0.0	696376	4005.388436315592	0.40266258	1.2
10136.06929620223	1200	20.03573892518843	0.0	487160	3333.014723491981	0.33022213	1.2
10140.942601551445	1200	19.162433575971917	0.0	622896	4873.305349216512	0.28004593	1.2
10145.30376593184	1200	18.801269195577216	0.0	641447	4361.164380394701	0.2315523	1.2
10150.937768678168	1200	17.16726644924816	0.0	570392	5634.002746329056	0.22211143	1.2
10155.931587496874	1200	16.173447630541016	0.0	620283	4993.818818707142	0.2654084	1.2
10160.28232458406	1200	15.822710543356706	0.0	584349	4350.73708718431	0.27257916	1.2
10164.362981620281	1200	15.742053507133566	0.0	670129	4080.6570362231414	0.24190836	1.2
10168.421461057476	1200	15.683574069939235	0.0	690253	4058.47943719433	0.24233606	1.2
10171.392932456018	1200	16.712102671397247	0.0	598727	2971.471398541988	0.3045324	1.2
10174.067480284153	1200	18.03755484326288	0.0	487812	2674.547828134368	0.6867663	1.2
10177.415589040622	1200	18.689446086792547	0.0	575591	3348.1087564703303	0.50291675	1.2
10180.187801328233	1200	19.91723379918203	0.0	605884	2772.2122876105204	0.54360193	1.2
10183.732916642412	1200	20.372118485003345	0.0	587506	3545.115314178682	0.7316376	1.2
10187.881837687906	1200	20.223197439507814	0.0	566904	4148.92104549553	0.7578453	1.2
10190.919584373543	1200	21.185450753870416	0.0	641452	3037.7466856373976	0.6055086	1.2
10194.2527400466	1200	21.852295080813317	0.0	599477	3333.1556730570987	0.9762646	1.2
10198.954969128254	1200	21.150065999159967	0.0	634861	4702.22908165335	0.8112005	1.2
10203.530307997975	1200	20.57472712943799	0.0	630203	4575.33886972198	0.8107411	1.2
10208.362696873435	1200	19.742338253977213	0.0	638661	4832.388875460778	0.7904202	1.2
10212.608656549346	1850	19.49637857806633	0.0	830730	4245.959675910882	0.9325203	1.2000000000000002
10216.288346044052	1850	19.81668908336012	0.0	846370	3679.689494706212	0.51968026	1.85

