23474.23304866958	750	4.0	4.948165992489615	450283	4948.165992489616	0.80399305	-20.527113767705345
23475.639834476173	300	6.593214193405611	0.0	155580	1406.7858065943897	0.53404623	-0.15000000000000002
23476.652478814038	300	9.580569855539265	0.0	139857	1012.6443378663465	0.43169358	0.3
23477.80492888129	300	12.428119788285638	0.0	155432	1152.4500672536267	0.8560887	0.3
23479.225928109285	300	15.007120560293167	0.0	163442	1420.9992279924695	0.88602275	0.3
23480.49873969927	300	17.73430897030769	0.0	126289	1272.8115899854747	0.87797546	0.3
23481.98900556487	300	20.244043104710872	0.0	153295	1490.2658655968185	0.7251118	0.3
23483.818081372734	300	22.41496729684493	0.0	173849	1829.0758078659435	0.7192484	0.3
23485.26770852831	300	24.96534014126896	0.0	150710	1449.6271555759718	0.81994635	0.3
23486.577441681053	300	27.655606988525857	0.0	139105	1309.7331527431013	0.87167335	0.3
23488.131622445748	300	30.10142622383339	0.0	141840	1554.1807646924692	0.9283705	0.3
23491.386654488244	300	30.846394181337217	0.0	156148	3255.032042496171	0.8215761	0.3
23495.469485002723	300	30.763563666859596	0.0	160746	4082.830514477621	0.6050224	0.3
23497.30449413838	300	32.928554531200994	0.0	179801	1835.0091356586072	0.34537143	0.3
23498.775130334692	300	35.457918334890245	0.0	140051	1470.6361963107472	0.8438167	0.3
23500.036936678734	300	38.19611199084999	0.0	138313	1261.8063440402523	0.6620996	0.3
23501.422345289287	300	40.81070338029799	0.0	143509	1385.4086105520032	0.84931546	0.3
23503.05456152576	300	43.178487143821215	0.0	150616	1632.2162364767712	0.7800766	0.3
23504.645378729063	300	45.58766994051971	0.0	165384	1590.817203301507	0.72006017	0.3
23505.774941555108	300	48.45810711447555	0.0	140881	1129.5628260441524	0.88006663	0.3
23507.178121925834	300	51.05492674374942	0.0	157671	1403.1803707261356	0.94515663	0.3
23508.816658215015	300	53.41639045456772	0.0	157812	1638.536289181697	0.93841255	0.3
23510.410402239446	300	55.82264643013955	0.0	163927	1593.7440244281775	0.85619843	0.3
23511.72064330962	300	58.51240535996393	0.0	137654	1310.2410701756146	0.853271	0.3
23514.370737714697	300	59.540238464139655	0.0	146754	1472.1668958242738	0.82917356	0.3
23518.1310919446	300	59.77988423423468	0.0	153938	2260.354229904983	0.7746498	0.3
23521.585251064407	300	59.98694562020816	0.0	181901	2292.9386140265087	0.8083131	0.3
23525.908046096636	300	59.66415058797745	0.0	111155	2322.795032230707	0.89575267	0.3
23529.150827258356	300	59.694767785673875	0.0	153605	1969.3828023035808	0.5715262	0.3
23531.32282237544	300	59.93546942588923	0.0	149029	1259.2983597846428	0.7610278	0.3
23533.441598034926	300	59.87742989374834	0.0	157421	1058.0395321408978	1.1361477	0.3
23535.119352390317	300	59.748920808322396	0.0	157488	1628.5090854259442	1.3243062	0.3
23537.374014583685	300	59.69121238477039	0.0	143881	1057.7084235520008	1.143355	0.3
23540.10758506565	300	59.95290396194943	0.0	163444	1738.308422820962	1.3357711	0.3
23543.71675299143	300	59.55595107632838	0.0	179328	1896.9528856210495	1.2425048	0.3
23546.927591520005	300	59.96163926537316	0.0	159914	1594.3118109552197	1.3361683	0.3
23550.287362343308	300	59.60001728402971	0.0	131610	1861.6219813434482	1.5104468	0.3
23552.596268526475	300	59.66963859912425	0.0	124011	1930.3786849054577	1.3149881	0.3
23556.70321129598	300	59.562695829623394	0.0	144254	2106.9427695008594	1.4056848	0.3
23561.244737063043	300	59.02117006255675	0.0	149991	4541.525767066644	1.3779502	0.3
23564.466363569405	300	59.79954355619467	0.0	147968	2721.6265063620735	1.2273133	0.3
23566.16520199059	300	59.64443563524909	0.0	161857	1655.1079209455886	1.4133825	0.3
23567.78537472519	300	59.64121444656948	0.0	145210	1503.221188679608	1.7405326	0.3
23569.326063116594	300	59.63434602882769	0.0	172312	1506.8684177417924	1.704714	0.3
23585.150102077372	4300	47.810307068052175	0.0	2124950	15824.038960775517	1.4499173	0.2999999999999998
23600.56660672095	4300	36.39380242447247	0.0	2246506	15416.50464357971	0.02073785	4.3
23615.596790158757	4300	25.363618986665976	0.0	1961140	15030.183437806489	0.15088847	4.3
23623.58067447371	1850	21.379734671710096	0.0	846370	7983.88431495588	1.0461224	-0.6000000000000001

