7377.008814823326	750	4.0	7.947206251782381	450283	7947.2062517823815	0.7344078	-33.42298688266424
7379.767207347494	300	5.241607475832228	0.0	155580	2758.392524167771	0.15703246	-0.15000000000000002
7382.934255989478	300	6.07455883384848	0.0	139857	3167.048641983749	0.060079776	0.3
7387.460134981962	300	5.548679841364558	0.0	155432	4525.878992483921	0.033212375	0.3
7390.174575001274	300	6.834239822051922	0.0	163442	2714.4400193126367	0.029886024	0.3
7392.715803409738	300	8.293011413587552	0.0	126289	2541.2284084643697	0.09756993	0.3
7395.957024853302	300	9.051789970024087	0.0	153295	3241.2214435634646	0.057228487	0.3
7399.341406997425	300	9.667407825900725	0.0	173849	3384.3821441233636	0.03784963	0.3
7402.123888301724	300	10.88492652160276	0.0	150710	2782.481304297964	0.062267106	0.3
7405.539281520571	300	11.469533302755298	0.0	139105	3415.39321884746	0.06392644	0.3
7410.1251442573	300	10.883670566026595	0.0	141840	4585.862736728704	0.066390894	0.3
7414.408515578081	300	10.600299245246603	0.0	156148	4283.371320779992	0.043514702	0.3
7419.528717224825	300	9.48009759850249	0.0	160746	5120.2016467441135	0.055603914	0.3
7424.524167264791	300	8.484647558536341	0.0	179801	4995.4500399661465	0.030003503	0.3
7427.734074235387	300	9.274740587940252	0.0	140051	3209.9069705960896	0.046254005	0.3
7430.0261121363	300	10.982702687027935	0.0	138313	2292.037900912317	0.03676612	0.3
7431.5096741983425	300	13.499140624984948	0.0	143509	1483.5620620429872	0.061504148	0.3
7433.48971915996	300	15.51909566336796	0.0	150616	1980.0449616169876	0.24652052	0.3
7436.669742831735	300	16.339071991592878	0.0	165384	3180.0236717750818	0.1430624	0.3
7439.640781629438	300	17.36803319389052	0.0	140881	2971.0387977023593	0.20452644	0.3
7442.906725813912	300	18.102089009415828	0.0	157671	3265.9441844746907	0.16350651	0.3
7445.962446216768	300	19.04636860655997	0.0	157812	3055.7204028558604	0.17340596	0.3
7448.670641557893	300	20.338173265434783	0.0	163927	2708.1953411251857	0.16253921	0.3
7450.282179760039	300	22.726635063288555	0.0	137654	1611.5382021462294	0.25884607	0.3
7451.822973558968	300	25.1858412643585	0.0	146754	1540.793798930055	0.45543694	0.3
7453.301672910777	300	27.707141912550142	0.0	153938	1478.6993518083589	0.58804035	0.3
7455.031397483541	300	29.97741733978669	0.0	181901	1729.7245727634518	0.8114579	0.3
7456.120471486911	300	32.88834333641667	0.0	111155	1089.0740033700163	1.0377456	0.3
7457.56705899535	300	35.4417558279783	0.0	153605	1446.5875084383779	0.9545475	0.3
7458.951384942023	300	38.05742988130429	0.0	149029	1384.3259466740149	1.0193559	0.3
7460.686230697083	300	40.32258412624401	0.0	157421	1734.845755060276	1.0931634	0.3
7462.319048916759	300	42.689765906568795	0.0	157488	1632.8182196752184	1.0136591	0.3
7463.893942313843	300	45.11487250948545	0.0	143881	1574.893397083341	1.1028696	0.3
7466.263233956687	300	46.74558086664043	0.0	163444	2369.2916428450217	1.1086489	0.3
7468.74026926042	300	48.26854556290744	0.0	179328	2477.0353037329887	1.0648313	0.3
7470.331785547667	300	50.67702927566108	0.0	159914	1591.51628724636	1.1337596	0.3
7471.8532729645085	300	53.155541858819596	0.0	131610	1521.4874168414792	1.4282775	0.3
7473.441279837857	300	55.567534985471	0.0	124011	1588.0068733485966	1.2851894	0.3
7476.113614642383	300	56.89520018094401	0.0	144254	2672.33480452699	1.3097274	0.3
7479.279652709641	300	57.729162113686975	0.0	149991	3166.0380672570404	1.1438851	0.3
7481.86069808258	300	59.14811674074731	0.0	147968	2581.045372939663	1.2279893	0.3
7485.145436038445	300	59.86337878488297	0.0	161857	1784.7379558643433	1.291172	0.3
7487.374449539388	300	59.54578579186117	0.0	145210	1817.592993021795	1.7170392	0.3
7490.251456802561	300	59.65299240923545	0.0	172312	1392.7933826257215	1.6340542	0.3
7514.970739618134	4300	38.93370959366277	0.0	2124950	24719.282815572682	1.5172403	0.2999999999999998
7549.631154107653	4300	8.27329510414425	0.0	2246506	34660.414489518516	0.1546922	4.3
7557.446997573528	750	4.457451638268628	0.0	331053	7815.843465875622	0.63634074	-2.8
7561.2092788455975	300	4.69517036620004	0.0	118421	3762.2812720685884	0.36078805	-0.15000000000000002

