12672.893434846941	750	4.0	2.731225734575557	450283	2731.225734575557	1.12849	-10.994270658674894
12675.318420436057	750	5.575014410885613	0.0	398865	2424.985589114387	0.5662028	0.75
12678.145038277926	750	6.748396569016907	0.0	350812	2826.617841868706	0.5462605	0.75
12684.512568469936	750	4.380866377007281	0.0	382355	6367.530192009626	0.36288688	0.75
12686.411224768306	300	6.482210078637703	0.0	163442	1898.6562983695774	0.7150779	-0.15000000000000002
12687.97979974269	300	8.913635104251494	0.0	126289	1568.5749743862089	0.7200062	0.3
12689.973137308476	300	10.920297538466734	0.0	153295	1993.3375657847619	0.454213	0.3
12693.066384765887	300	11.827050081054905	0.0	173849	3093.247457411827	0.28179866	0.3
12694.685919560086	300	14.207515286855669	0.0	150710	1619.5347941992368	0.3259094	0.3
12695.88829148216	300	17.005143364782	0.0	139105	1202.3719220736652	0.37515444	0.3
12697.178419735226	300	19.715015111714457	0.0	141840	1290.1282530675442	0.7414365	0.3
12698.425750265797	300	22.467684581145242	0.0	156148	1247.3305305692106	0.64765	0.3
12699.615807858338	300	25.27762698860421	0.0	160746	1190.0575925410335	0.94234395	0.3
12700.815853886657	300	28.077580960284372	0.0	179801	1200.0460283198388	0.97626084	0.3
12703.091272734146	750	29.80216211279533	0.0	337059	2275.4188474890443	1.091778	0.3
12705.921701493578	750	30.97173335336279	0.0	366214	2830.428759432538	0.64868987	0.75
12709.226109320798	750	31.667325526141084	0.0	360831	3304.4078272217057	0.6088487	0.75
12711.981333584332	750	32.91210126260978	0.0	372963	2755.224263531303	0.6384126	0.75
12714.875938400892	750	34.01749644604765	0.0	405596	2894.6048165621255	0.75662607	0.75
12718.926897570222	750	33.966537276720025	0.0	350713	4050.9591693276307	0.7750292	0.75
12722.293884312441	750	34.599550534498675	0.0	386472	3366.9867422213497	0.56433237	0.75
12724.959955607272	750	35.93347923966884	0.0	399894	2666.071294829829	0.65185916	0.75
12727.356266829122	750	37.537168017816974	0.0	401853	2396.311221851862	0.77496505	0.75
12729.851805784014	750	39.041629062926276	0.0	343800	2495.5389548907015	0.92543614	0.75
12731.934796612662	750	40.95863823427556	0.0	359903	2082.9908286507093	0.8365977	0.75
12735.009633177191	1200	41.883801669748046	0.0	590335	3074.836564527509	0.9612774	0.75
12739.002321105198	1200	41.891113741741115	0.0	696376	3992.68792800693	0.41100234	1.2
12741.862757389723	1200	43.03067745721542	0.0	487160	2860.436284525699	0.49685258	1.2
12745.985477935383	1200	42.907956911554095	0.0	622896	4122.720545661319	0.51552415	1.2
12749.795745139934	1200	43.097689707003724	0.0	641447	3810.267204550368	0.38555527	1.2
12752.782270685833	1200	44.11116416110448	0.0	570392	2986.5255458992415	0.4854691	1.2
12756.315284665841	1200	44.578150181095964	0.0	620283	3533.013980008514	0.5786958	1.2
12759.118826157208	1200	45.77460868972993	0.0	584349	2803.541491366032	0.69171643	1.2
12762.139513195116	1200	46.75392165182247	0.0	670129	3020.6870379074576	0.75767016	1.2
12765.326273900164	1200	47.56716094677421	0.0	690253	3186.760705048263	0.91639465	1.2
12767.793691922197	1200	49.09974292474116	0.0	598727	2467.4180220330522	1.0713929	1.2
12769.952189268708	1200	50.94124557823076	0.0	487812	2158.497346510388	1.3874863	1.2
12778.424202559567	4300	46.469232287372144	0.0	2147467	8472.01329085862	1.3640789	1.1999999999999997
12786.276513487044	4300	42.61692135989438	0.0	2133870	7852.310927477768	0.15995766	4.3
12795.735744746653	4300	37.15769010028489	0.0	2146120	9459.231259609485	0.24844469	4.3
12806.889604385544	4300	30.003830461395268	0.0	2108491	11153.859638889622	0.25871667	4.3
12817.15032848281	4300	23.743106364127755	0.0	2184571	10260.724097267514	0.71463007	4.3
12825.956783806354	2850	18.936651040584046	0.0	1343002	8806.455323543709	0.95126474	1.4000000000000001
12833.764263863282	2850	15.129170983655138	0.0	1587250	7807.480056928906	0.95098734	2.85
12841.383200907876	2850	11.510233939060415	0.0	1464921	7618.937044594724	0.8809143	2.85
12846.707259360728	1850	10.186175486208475	0.0	982064	5324.05845285194	1.0428708	0.8500000000000001
12850.703558327174	1850	10.18987651976259	0.0	830730	3996.2989664458837	0.62475204	1.85
12853.632737354625	1850	11.260697492311646	0.0	846370	2929.179027450945	0.42635143	1.85

