6642.818649563819	750	4.0	4.277909780182569	450283	4277.909780182569	1.1415837	-17.64501205478505
6644.067635863935	300	6.75101369988408	0.0	155580	1248.98630011592	0.6744832	-0.15000000000000002
6645.612107536789	300	9.206542027029297	0.0	139857	1544.4716728547828	0.6095473	0.3
6647.382466664798	300	11.436182899020517	0.0	155432	1770.3591280087778	0.4546441	0.3
6649.120113590806	300	13.69853597301224	0.0	163442	1737.6469260082768	0.456098	0.3
6650.19606845788	300	16.622581105937652	0.0	126289	1075.9548670745899	0.6295819	0.3
6651.577836478881	300	19.240813084935734	0.0	153295	1381.7680210019194	0.6832857	0.3
6652.8626167952825	300	21.956032768534115	0.0	173849	1284.780316401619	0.68530595	0.3
6654.043648566074	300	24.7750009977436	0.0	150710	1181.031770790515	1.0108093	0.3
6656.451495910854	750	26.367153652963385	0.0	362795	2407.8473447802144	0.9934767	0.3
6657.997299376944	750	28.821350186873183	0.0	353220	1545.8034660902022	0.47433224	0.75
6660.735258934034	1200	30.083390629783036	0.0	594078	2737.959557090149	0.8821869	0.75
6663.057599996264	1200	31.761049567552842	0.0	624282	2322.341062230194	0.30591825	1.2
6666.281693321425	1200	32.53695624239103	0.0	687371	3224.093325161815	0.34185874	1.2
6669.22783458945	1200	33.59081497436692	0.0	526950	2946.1412680241083	0.37815112	1.2
6671.8568259502445	1200	34.961823613571866	0.0	587876	2628.9913607950525	0.3344333	1.2
6674.425473515871	1200	36.39317604794563	0.0	617242	2568.6475656262455	0.4062518	1.2
6676.837581396065	1200	37.98106816775184	0.0	581493	2412.1078801937856	0.5208448	1.2
6679.856110962136	1200	38.96253860168088	0.0	639204	3018.529566070958	0.5227963	1.2
6682.162592435192	1200	40.656057128624504	0.0	586839	2306.4814730563817	0.5562217	1.2
6684.634224509074	1200	42.18442505474325	0.0	601738	2471.632073881253	0.6981609	1.2
6686.822138827919	1200	43.99651073589804	0.0	616206	2187.914318845214	0.66552514	1.2
6689.065912564671	1200	45.752736999146094	0.0	656471	2243.773736751947	0.84807134	1.2
6691.569307536197	1200	47.24934202761953	0.0	536667	2503.3949715265667	1.0663942	1.2
6694.143099628388	1200	48.675549935428656	0.0	587236	2573.792092190864	0.9742705	1.2
6696.301881835281	1200	50.51676772853562	0.0	590335	2158.782206893042	0.9205579	1.2
6699.338813740497	1200	51.479835823318794	0.0	696376	3036.931905216818	1.0546541	1.2
6701.028873985565	1200	53.78977557825103	0.0	487160	1690.0602450677695	1.2203212	1.2
6702.98278116119	1200	55.83586840262632	0.0	622896	1953.9071756247133	1.3616354	1.2
6709.3099141949515	4300	53.50873536886449	0.0	2164140	6327.133033761824	1.3504449	1.1999999999999997
6716.257674774842	4300	50.56097478897466	0.0	2113193	6947.760579889833	0.26436538	4.3
6723.19872499755	4300	47.61992456626591	0.0	2147852	6941.0502227087545	0.32649854	4.3
6730.4080689176035	4300	44.41058064621269	0.0	2191074	7209.343920053219	0.41602302	4.3
6739.734081500182	4300	39.08456806363386	0.0	2286761	9326.012582578836	0.5687438	4.3
6746.829762741295	4300	35.988886822520655	0.0	2307787	7095.681241113201	0.669444	4.3
6754.076532162613	4300	32.74211740120251	0.0	2143948	7246.769421318142	0.5541809	4.3
6759.6884508535295	4300	31.13019871028607	0.0	1919781	5611.918690916443	0.621061	4.3
6765.612821888942	2850	29.205827674874175	0.0	1499009	5924.371035411896	0.71360546	1.4000000000000001
6771.47569277627	2850	27.34295678754537	0.0	1427478	5862.870887328804	0.21637142	2.85
6776.1750294072335	2850	26.643620156581957	0.0	1402287	4699.336630963412	0.21444345	2.85
6781.648356543734	2850	25.17029302008228	0.0	1339500	5473.327136499676	0.18884975	2.85
6787.831315445346	2850	22.987334118470013	0.0	1527299	6182.958901612266	0.35411346	2.85
6792.27936480449	2850	22.539284759326414	0.0	1343002	4448.0493591436025	0.28269807	2.85
6797.210443997505	2850	21.60820556631217	0.0	1587250	4931.079193014243	0.36767417	2.85
6802.432742510167	2850	20.385907053649525	0.0	1464921	5222.298512662644	0.46704546	2.85
6806.634287256734	2850	20.184362307082946	0.0	1483527	4201.544746566578	0.3817128	2.85
6810.995914235824	2850	19.822735327992756	0.0	1231456	4361.626979090189	0.5887798	2.85
6815.428764102388	2850	19.389885461428314	0.0	1364537	4432.84986656444	0.50834596	2.85

