9692.693864266215	750	4.0	4.043612194844198	450283	4043.6121948441983	0.45216784	-16.63753243783005
9694.350322673326	300	6.343541592888147	0.0	155580	1656.458407111853	0.711059	-0.15000000000000002
9695.619013801066	300	9.07485046514876	0.0	139857	1268.6911277393874	0.3083124	0.3
9696.796978521876	300	11.896885744338519	0.0	155432	1177.9647208102417	0.597577	0.3
9697.907100531564	300	14.786763734651103	0.0	163442	1110.122009687414	0.79628444	0.3
9698.68196629712	300	18.011897969094953	0.0	126289	774.8657655561504	1.0969334	0.3
9701.303948208079	750	19.389916058135313	0.0	352642	2621.9819109596383	1.1015291	0.3
9706.073180537785	750	18.620683728427313	0.0	437162	4769.232329707998	0.27056253	0.75
9710.454590216068	750	18.23927405014518	0.0	374758	4381.4096782821325	0.38745093	0.75
9715.250647002438	750	17.443217263775377	0.0	362795	4796.056786369805	0.27605948	0.75
9718.48411933182	750	18.209744934392845	0.0	353220	3233.472329382529	0.27425742	0.75
9720.932667343004	750	19.76119692320869	0.0	405134	2448.5480111841575	0.29270864	0.75
9723.913223682974	750	20.780640583238895	0.0	386351	2980.556339969792	0.39551616	0.75
9727.21850420348	750	21.47536006273231	0.0	434409	3305.2805205065833	0.32341585	0.75
9731.293045183394	750	21.400819082818355	0.0	337059	4074.540979913957	0.32020375	0.75
9733.890197590941	750	22.803666675271526	0.0	366214	2597.1524075468287	0.21575724	0.75
9736.256897020852	750	24.436967245361192	0.0	360831	2366.699429910333	0.39103663	0.75
9740.806087446046	750	23.887776820166696	0.0	372963	4549.190425194499	0.62120855	0.75
9746.541244467257	750	22.152619798957158	0.0	405596	5735.157021209536	0.26375744	0.75
9750.811330463706	750	21.88253380250792	0.0	350713	4270.085996449242	0.39579004	0.75
9754.778441765337	750	21.91542250087682	0.0	386472	3967.1113016311006	0.34153777	0.75
9757.903690222438	750	22.79017404377549	0.0	399894	3125.248457101329	0.30488878	0.75
9762.849770723347	750	21.8440935428668	0.0	401853	4946.080500908685	0.3943424	0.75
9767.91699463978	750	20.776869626433832	0.0	343800	5067.2239164329685	0.35181135	0.75
9772.226079767031	750	20.467784499182304	0.0	359903	4309.085127251527	0.31751823	0.75
9781.107168910854	750	15.586695355360385	0.0	379700	8881.089143821919	0.26256132	0.75
9785.165846265101	750	15.528018001112818	0.0	425781	4058.6773542475667	0.6648857	0.75
9787.323634647528	750	17.370229618686384	0.0	277716	2157.788382426437	0.4341531	0.75
9791.887262114007	750	16.806602152207738	0.0	400396	4563.627466478643	0.44660947	0.75
9795.859341587153	750	16.834522679062573	0.0	400508	3972.0794731451656	0.47121084	0.75
9802.578256101193	750	14.115608165021431	0.0	358218	6718.914514041144	0.42574775	0.75
9804.777726875074	750	15.916137391140113	0.0	400322	2199.4707738813186	0.71189135	0.75
9806.194102119998	750	18.49976214621492	0.0	369834	1416.3752449251958	0.8072014	0.75
9808.962032302821	1200	19.731831963392978	0.0	670129	2767.9301828219373	1.1946657	0.75
9812.005639417031	1200	20.68822484918157	0.0	690253	3043.6071142114106	0.50701535	1.2
9814.678408411348	1200	22.015455854864395	0.0	598727	2672.768994317176	0.44631404	1.2
9816.48298290034	1200	24.210881365872044	0.0	487812	1804.5744889923512	0.94838893	1.2
9818.46237891895	1200	26.231485347261938	0.0	575591	1979.3960186101076	0.87698174	1.2
9820.497598178654	1200	28.19626608755876	0.0	605884	2035.2192597031762	1.1793666	1.2
9822.448060729617	1200	30.245803536595304	0.0	587506	1950.4625509634552	1.3214926	1.2
9827.241951160971	1850	29.451913105240806	0.0	858450	4793.890431354501	1.374703	1.2000000000000002
9839.112311739194	1850	21.58155252701584	0.0	1025005	11870.360578224967	0.6259195	1.85
9842.621074322951	1850	22.072789943258964	0.0	886255	3508.7625837568753	0.43606782	1.85
9846.416180052769	1850	22.27768421344273	0.0	973972	3795.1057298162364	0.6207028	1.85
9849.929565783223	1850	22.764298482987215	0.0	958994	3513.3857304555145	0.92024374	1.85
9853.787783383972	1850	22.906080882237344	0.0	982064	3858.21760074987	1.0176158	1.85
9857.969221556841	1850	22.724642709369427	0.0	830730	4181.438172867919	1.1265209	1.85
9864.783566194817	1850	19.910298071392056	0.0	846370	6814.344637977371	0.7050539	1.85

