24150.82331795165	750	4.0	4.955564253110452	450283	4955.564253110451	0.8503225	-20.55892628837494
24153.925188148507	300	4.898129803144833	0.0	155580	3101.870196855167	0.5324604	-0.15000000000000002
24158.457257398975	300	4.366060552675044	0.0	139857	4532.06925046979	0.0628827	0.3
24162.917815470642	300	4.0	0.09449751899309194	155432	4460.558071668135	0.02741421	-0.10633933167029536
24167.120389878768	300	4.0	0.20257440812354435	163442	4202.574408123544	0.019139264	-0.5710699549312408
24169.68202635934	300	5.4383635194307365	0.0	126289	2561.6364805692638	0.03499966	0.3
24173.22677475495	300	5.893615123821788	0.0	153295	3544.7483956089477	0.03307127	0.3
24177.401117957317	300	5.719271921455934	0.0	173849	4174.343202365854	0.016955653	0.3
24181.114805960107	300	6.005583918662889	0.0	150710	3713.6880027930442	0.020137746	0.3
24185.78493424838	300	5.335455630391578	0.0	139105	4670.128288271311	0.019027216	0.3
24191.320628609523	300	4.0	0.20023873074991025	141840	5535.694361141488	0.01691567	-0.5610265422246141
24194.738972161398	300	4.5816564481259725	0.0	156148	3418.343551874027	0.008725593	0.3
24197.38904442933	300	5.931584180193429	0.0	160746	2650.0722679325436	0.015650997	0.3
24199.565584165775	300	7.755044443746576	0.0	179801	2176.5397364468536	0.022472207	0.3
24201.680976134547	300	9.639652474976108	0.0	140051	2115.3919687704674	0.15731731	0.3
24204.300176729826	300	11.020451879694862	0.0	138313	2619.200595281248	0.08064056	0.3
24206.97043955389	300	12.350189055631322	0.0	143509	2670.2628240635395	0.09513789	0.3
24208.4013634648	300	14.919265144724124	0.0	150616	1430.9239109071982	0.14171168	0.3
24209.629448669923	300	17.691179939601383	0.0	165384	1228.0852051227403	0.39390308	0.3
24210.72607304963	300	20.594555559893635	0.0	140881	1096.6243797077523	1.067991	0.3
24212.38330019728	300	22.93732841224439	0.0	157671	1657.2271476492424	1.1299996	0.3
24213.910728444287	300	25.409900165240742	0.0	157812	1527.428247003648	0.8815498	0.3
24215.268925727825	300	28.051702881701104	0.0	163927	1358.1972835396361	0.9554854	0.3
24218.63146769013	750	28.689160919393935	0.0	343800	3362.5419623071734	1.0936732	0.3
24221.89651285413	750	29.424115755395352	0.0	359903	3265.0451639985786	0.45944923	0.75
24224.574355561894	750	30.74627304763286	0.0	379700	2677.8427077624906	0.62312555	0.75
24234.424846757694	750	24.895781851830368	0.0	425781	9850.491195802493	0.64166224	0.75
24240.91604298008	750	22.40458562944837	0.0	277716	6491.196222381997	0.6844069	0.75
24248.615632793255	750	18.704995816272753	0.0	400396	7699.5898131756185	0.43486965	0.75
24253.63186984562	750	17.688758763906357	0.0	400508	5016.237052366397	0.60988057	0.75
24257.41689817278	750	17.90373043674767	0.0	358218	3785.028327158691	0.4522531	0.75
24262.164430154364	750	17.156198455162297	0.0	400322	4747.531981585374	0.46050268	0.75
24264.874552919235	750	18.44607569029265	0.0	369834	2710.1227648696477	0.55073583	0.75
24267.48688372133	750	19.833744888197682	0.0	412837	2612.330802094964	0.7176095	0.75
24270.40156138577	750	20.91906722375936	0.0	401088	2914.6776644383203	0.68645245	0.75
24272.949199814033	750	22.37142879549455	0.0	365161	2547.638428264814	0.6182267	0.75
24276.627207219055	750	22.693421390470156	0.0	321064	3678.0074050243907	0.9270046	0.75
24282.02539935406	750	21.29522925546922	0.0	361565	5398.192135000936	0.5354326	0.75
24284.44349200924	750	22.877136600292275	0.0	378327	2418.0926551769476	0.7130485	0.75
24286.88658612045	750	24.43404248907939	0.0	390680	2443.0941112128858	1.0351646	0.75
24288.69120289966	750	26.62942570986726	0.0	345516	1804.6167792121275	1.1018387	0.75
24290.886991868898	750	28.433636740629282	0.0	384505	2195.788969237978	1.3377001	0.75
24295.430020603686	1200	27.890608005842576	0.0	599477	4543.028734786704	1.35893	0.75
24299.654593966476	1200	27.666034643053425	0.0	634861	4224.573362789148	0.6549159	1.2
24304.02156291814	1200	27.299065691389373	0.0	630203	4366.968951664054	0.853227	1.2
24308.02849976172	1200	27.292128847810552	0.0	638661	4006.9368435788197	0.8501048	1.2
24315.017067754932	1850	24.3035608545992	0.0	830730	6988.567993211352	1.147428	1.2000000000000002
24327.744762057137	1850	15.575866552395876	0.0	846370	12727.694302203325	0.45603174	1.85

