19840.9104440065	750	4.0	2.288238812003366	450283	2288.238812003366	0.7132143	-9.089426891614474
19843.604652418177	750	5.305791588322136	0.0	398865	2694.2084116778638	0.5965506	0.75
19845.810580150544	750	7.099863855953809	0.0	350812	2205.9277323683264	0.5202695	0.75
19847.430408740438	750	9.480035266059609	0.0	382355	1619.8285898942004	0.47721156	0.75
19849.102816285937	750	11.807627720559813	0.0	411561	1672.4075454997967	0.8037746	0.75
19850.575592875724	750	14.334851130776714	0.0	318564	1472.7765897830984	0.993081	0.75
19852.22793106345	750	16.682512943047996	0.0	352642	1652.3381877287175	0.9505789	0.75
19853.94123664245	750	18.969207364048742	0.0	437162	1713.305578999252	0.82375264	0.75
19856.407000013387	1200	20.503443993110498	0.0	584846	2465.7633709382453	1.0071744	0.75
19859.227040465757	1200	21.683403540741544	0.0	560821	2820.0404523689526	0.2925521	1.2
19861.701719092474	1200	23.20872491402401	0.0	607410	2474.6786267175344	0.29696298	1.2
19864.95782741154	1200	23.95261659495736	0.0	594078	3256.1083190666513	0.36576644	1.2
19868.698024801728	1200	24.212419204769695	0.0	624282	3740.1973901876636	0.27989107	1.2
19871.496067002754	1200	25.414377003743176	0.0	687371	2798.0422010265197	0.19028863	1.2
19873.66554561523	1200	27.244898391268425	0.0	526950	2169.478612474753	0.3944431	1.2
19876.297474217798	1200	28.612969788698074	0.0	587876	2631.92860257035	0.46965155	1.2
19879.286617023674	1200	29.62382698282456	0.0	617242	2989.142805873511	0.42948872	1.2
19881.89566078319	1200	31.014783223308708	0.0	581493	2609.0437595158533	0.35904968	1.2
19884.29893065109	1200	32.61151335540888	0.0	639204	2403.269867899824	0.3854463	1.2
19887.405584033033	1200	33.50485997346665	0.0	586839	3106.6533819422284	0.5850576	1.2
19890.297825608388	1200	34.61261839811219	0.0	601738	2892.2415753544633	0.41438556	1.2
19892.492333996004	1200	36.41811001049531	0.0	616206	2194.5083876168715	0.47936037	1.2
19894.282303848922	1200	38.62814015757856	0.0	656471	1789.9698529167558	0.6615363	1.2
19895.943186785604	1200	40.96725722089419	0.0	536667	1660.8829366843638	1.1139061	1.2
19898.236008325326	1200	42.67443568117174	0.0	587236	2292.8215397224562	1.1922952	1.2
19901.55988545796	1200	43.35055854854098	0.0	590335	3323.8771326307524	1.0071625	1.2
19904.364384874712	1200	44.54605913178677	0.0	696376	2804.4994167542113	0.5957613	1.2
19906.79636364307	1200	46.114080363431285	0.0	487160	2431.978768355489	1.0813726	1.2
19909.927920272028	1200	46.982523734469666	0.0	622896	3131.5566289616168	0.91710514	1.2
19912.89713302201	1200	48.01331098449298	0.0	641447	2969.21274997669	0.90623754	1.2
19915.419214702433	1200	49.491229304063204	0.0	570392	2522.081680429775	1.1219937	1.2
19918.081344526054	1200	50.82909948044634	0.0	620283	2662.129823616869	1.1956235	1.2
19921.906210144756	1200	51.00423386174478	0.0	584349	3824.8656187015617	1.2919519	1.2
19925.358175616067	1200	51.55226839043303	0.0	670129	3451.9654713117575	0.832147	1.2
19929.33831072408	1200	51.5721332824189	0.0	690253	3980.1351080141217	1.0858424	1.2
19932.153470964313	1200	52.75697304218578	0.0	598727	2815.160240233128	1.0356513	1.2
19940.107232662267	4300	48.80321134423163	0.0	1919781	7953.76169795415	1.3803191	1.1999999999999997
19947.76984001102	4300	45.14060399548163	0.0	2147467	7662.607348749995	0.20546621	4.3
19960.44716495497	4300	36.46327905152803	0.0	2133870	12677.324943953598	0.2347445	4.3
19970.346323323352	4300	30.5641206831453	0.0	2146120	9899.158368382732	0.49709535	4.3
19978.400819610295	4300	26.50962439620506	0.0	2108491	8054.496286940245	0.7987189	4.3
19984.742884199342	2850	24.167559807155353	0.0	1527299	6342.0645890497035	0.8433382	1.4000000000000001
19990.05693102488	2850	22.85351298162152	0.0	1343002	5314.0468255338355	0.24896789	2.85
19998.57912833744	2850	18.33131566906077	0.0	1587250	8522.19731256075	0.38855177	2.85
20004.429856723575	2850	16.48058728292708	0.0	1464921	5850.728386133695	0.62704504	2.85
20010.281740353203	2850	14.628703653296295	0.0	1483527	5851.883629630782	0.5235298	2.85
20016.33429640336	2850	12.576147603136777	0.0	1231456	6052.556050159519	0.46212292	2.85
20026.601186239273	2850	6.309257767226818	0.0	1364537	10266.889835909958	0.69938517	2.85

