15602.259422817184	750	4.0	1.9680897620528024	450283	1968.0897620528024	0.90603966	-7.71278597682705
15604.47819643245	750	5.781226384733127	0.0	398865	2218.7736152668726	0.71257293	0.75
15606.153655683747	750	8.105767133436677	0.0	350812	1675.4592512964498	0.64711887	0.75
15607.58927439698	750	10.670148420202866	0.0	382355	1435.6187132338102	0.81764007	0.75
15609.047482556816	750	13.21194026036772	0.0	411561	1458.2081598351454	0.91191155	0.75
15610.877185290989	1200	15.382237526195969	0.0	520315	1829.702734171753	1.0716889	0.75
15612.678558056434	1200	17.580864760749233	0.0	561791	1801.3727654467361	0.36296454	1.2
15615.139602804771	1200	19.119820012413985	0.0	709534	2461.0447483352473	0.3319601	1.2
15620.386000424756	1200	17.8734223924283	0.0	584846	5246.397619985683	0.5134766	1.2
15627.991322005806	1200	14.268100811378027	0.0	560821	7605.321581050273	0.16062477	1.2
15631.513269129007	1200	14.746153688175912	0.0	607410	3521.947123202113	0.36470872	1.2
15633.93027158282	1200	16.329151234364343	0.0	594078	2417.002453811571	0.17359251	1.2
15636.530897613064	1200	17.728525204119567	0.0	624282	2600.626030244775	0.26667646	1.2
15639.029740769323	1200	19.22968204785951	0.0	687371	2498.8431562600595	0.3025058	1.2
15640.997772017869	1200	21.261650799314776	0.0	526950	1968.031248544732	0.43824297	1.2
15643.201414390502	1200	23.05800842668046	0.0	587876	2203.642372634316	0.42981148	1.2
15645.734014968715	1200	24.52540784846772	0.0	617242	2532.600578212738	0.3828821	1.2
15648.616374963705	1200	25.643047853478595	0.0	581493	2882.359994989124	0.41765606	1.2
15653.622919482597	1200	24.63650333458589	0.0	639204	5006.544518892704	0.36129445	1.2
15657.457141458577	1200	24.80228135860714	0.0	586839	3834.2219759787513	0.2466396	1.2
15660.98484228032	1200	25.27458053686204	0.0	601738	3527.7008217451007	0.24492523	1.2
15664.599536037613	1200	25.659886779569486	0.0	616206	3614.693757292552	0.24833871	1.2
15668.029759425513	1200	26.22966339166941	0.0	656471	3430.2233879000787	0.23910435	1.2
15670.33495966622	1200	27.924463150964296	0.0	536667	2305.2002407051104	0.30069903	1.2
15672.926200357757	1200	29.333222459425098	0.0	587236	2591.2406915391985	0.45232457	1.2
15676.626680120746	1200	29.63274269643619	0.0	590335	3700.479762988909	0.4060055	1.2
15679.585429593208	1200	30.67399322397376	0.0	696376	2958.749472462426	0.24565047	1.2
15683.134490321268	1200	31.124932495912255	0.0	487160	3549.060728061507	0.60078454	1.2
15686.378858527958	1200	31.8805642892237	0.0	622896	3244.3682066885553	0.2810499	1.2
15689.44053818657	1200	32.818884630611606	0.0	641447	3061.6796586120927	0.38188493	1.2
15692.315752014674	1200	33.94367080250842	0.0	570392	2875.2138281031844	0.49152893	1.2
15694.657371986048	1200	35.60205083113481	0.0	620283	2341.619971373608	0.5180303	1.2
15697.824605052225	1200	36.434817764958716	0.0	584349	3167.2330661760916	0.8753446	1.2
15703.763817675626	1200	34.495605141558876	0.0	670129	5939.21262339984	0.5562082	1.2
15708.10076588966	1200	34.158656927524646	0.0	690253	4336.94821403423	0.35434058	1.2
15711.489848976582	1200	34.769573840602284	0.0	598727	3389.083086922358	0.4921967	1.2
15713.807243757634	1200	36.45217905955018	0.0	487812	2317.394781052102	0.828485	1.2
15716.292417587109	1200	37.96700523007538	0.0	575591	2485.1738294748025	0.9047766	1.2
15721.704290007483	1200	36.555132809700325	0.0	605884	5411.872420375054	1.112115	1.2
15724.804365173579	1200	37.45505764360615	0.0	587506	3100.075166094172	0.5771446	1.2
15727.335338356346	1200	38.924084460837996	0.0	566904	2530.9731827681558	0.95069504	1.2
15730.040186133943	1200	40.219236683239636	0.0	641452	2704.8477775983615	1.1626475	1.2
15741.18907429761	4300	33.07034851957313	0.0	2121928	11148.888163666501	1.3120717	1.1999999999999997
15750.070177027566	4300	28.189245789617008	0.0	2219102	8881.102729956126	0.22085547	4.3
15760.258177209482	4300	22.00124560770099	0.0	2124950	10188.000181916017	0.3080745	4.3
15769.939714676771	4300	16.31970814041122	0.0	2246506	9681.537467289774	0.94225514	4.3
15776.961529297334	4300	13.297893519849794	0.0	1961140	7021.814620561426	1.1819649	4.3
15781.289887856112	2850	12.969534961071858	0.0	1364537	4328.358558777934	1.138383	1.4000000000000001

