2553.970005574512	750	4.0	2.6661221575738243	450283	2666.122157573824	0.26989794	-10.714325277567443
2558.8434456488476	750	4.0	0.8734400743357901	398865	4873.44007433579	0.55861616	-3.005792319643897
2561.733362401957	300	5.1100832468904285	0.0	139857	2889.9167531095723	0.7113386	-0.15000000000000002
2564.998186132391	300	5.8452595164565775	0.0	155432	3264.823730433851	0.17489842	0.3
2567.816239356214	300	7.027206292633773	0.0	163442	2818.0532238228047	0.11418317	0.3
2569.2909059819785	300	9.552539666868956	0.0	126289	1474.666625764818	0.3710501	0.3
2570.5770050224955	300	12.26644062635205	0.0	153295	1286.099040516905	0.28159243	0.3
2572.12806972612	300	14.715375922727599	0.0	173849	1551.0647036244513	0.4011922	0.3
2573.626134286757	300	17.21731136209038	0.0	150710	1498.064560637216	0.71759486	0.3
2574.929869048441	300	19.913576600406284	0.0	139105	1303.7347616840975	0.6226797	0.3
2576.245478320666	300	22.597967328181923	0.0	141840	1315.6092722243607	0.75510466	0.3
2579.0056890893616	300	23.8377565594858	0.0	156148	2760.210768696126	0.75036126	0.3
2582.948989073703	300	23.89445657514445	0.0	160746	3943.299984341348	0.6159521	0.3
2584.4676589600413	300	26.375786688806585	0.0	179801	1518.6698863378674	0.4189268	0.3
2585.2429342455894	300	29.600511403258384	0.0	140051	775.2752855481978	0.9734714	0.3
2586.8144949149582	750	32.028950733889445	0.0	366214	1571.5606693689363	1.2281897	0.3
2588.276689860414	750	34.56675578843354	0.0	360831	1462.1949454559106	0.9849423	0.75
2591.5917580124387	1200	35.25168763640926	0.0	581493	3315.068152024283	1.031685	0.75
2595.218169283138	1200	35.62527636570987	0.0	639204	3626.411270699388	0.28386757	1.2
2600.7736732973476	1200	34.069772351500575	0.0	586839	5555.504014209287	0.27559048	1.2
2603.217275401717	1200	35.6261702471308	0.0	601738	2443.6021043697756	0.16960752	1.2
2605.6484813235525	1200	37.194964325295665	0.0	616206	2431.2059218351374	0.47410333	1.2
2609.0306217294165	1200	37.81282391943175	0.0	656471	3382.1404058639164	0.5521636	1.2
2613.211625614083	1200	37.631820034765205	0.0	536667	4181.003884666549	0.54635787	1.2
2618.710383998796	1200	36.13306165005233	0.0	587236	5498.7583847128735	0.27852553	1.2
2621.2147102141744	1200	37.62873543467393	0.0	590335	2504.3262153784053	0.18754974	1.2
2623.796603412044	1200	39.04684223680406	0.0	696376	2581.893197869865	0.4287331	1.2
2625.8606285515334	1200	40.982817097314864	0.0	487160	2064.025139489197	0.889378	1.2
2629.1192202188436	1200	41.72422543000471	0.0	622896	3258.591667310159	0.8233846	1.2
2634.5913219301583	1200	40.25212371869029	0.0	641447	5472.101711314409	0.46318752	1.2
2645.086023186641	1200	33.75742246220789	0.0	570392	10494.701256482405	0.30053064	1.2
2650.743898957668	1200	32.09954669118091	0.0	620283	5657.875771026982	0.25751638	1.2
2659.6661122417704	1200	27.177333407078017	0.0	584349	8922.213284102892	0.30677927	1.2
2662.974424631756	1200	27.869021017092937	0.0	670129	3308.312389985081	0.28356087	1.2
2666.148522225324	1200	28.694923423524614	0.0	690253	3174.097593568323	0.67675936	1.2
2669.7454253382616	1200	29.098020310587017	0.0	598727	3596.9031129375976	0.6220586	1.2
2674.296067548309	1200	28.547378100539653	0.0	487812	4550.642210047363	0.5775211	1.2
2677.645382399829	1200	29.19806324901941	0.0	575591	3349.3148515202456	0.4634651	1.2
2679.984140943108	1200	30.85930470574086	0.0	605884	2338.7585432785454	0.53170884	1.2
2682.7025065887105	1200	32.140939060137924	0.0	587506	2718.365645602934	0.85065496	1.2
2685.6196997475695	1200	33.223745901279074	0.0	566904	2917.1931588588563	1.1349411	1.2
2690.5493865161866	1200	32.294059132662106	0.0	641452	4929.686768616967	0.9448962	1.2
2695.851211117452	1200	30.99223453139661	0.0	599477	5301.8246012654945	0.9150411	1.2
2698.1186336846918	1200	32.724811964156565	0.0	634861	2267.422567240044	0.7600516	1.2
2700.6467672140793	1200	34.196678434769275	0.0	630203	2528.1335293872935	1.3134694	1.2
2722.155714232245	4300	16.68773141660348	0.0	2246506	21508.947018165793	1.2216833	1.1999999999999997
2730.527785478413	1850	12.315660170435292	0.0	830730	8372.071246168189	1.0387833	-0.6000000000000001
2738.404145086703	1850	8.439300562145316	0.0	846370	7876.359608289977	0.5120857	1.85

