17882.84614282494	750	4.0	3.5949223786930258	450283	3594.9223786930256	1.4327775	-14.70816622838001
17886.14574941467	750	4.700393410267405	0.0	398865	3299.6065897325957	0.721984	0.75
17889.51570971449	750	5.330433110446052	0.0	350812	3369.960299821353	0.57672316	0.75
17892.843622526732	750	6.002520298205901	0.0	382355	3327.9128122401503	0.5332601	0.75
17896.3804531816	750	6.4656896433394255	0.0	411561	3536.830654866476	0.3718482	0.75
17899.064463570154	750	7.781679254781118	0.0	318564	2684.010388558307	0.32464448	0.75
17901.652372462282	750	9.193770362653122	0.0	352642	2587.9088921279968	0.2570343	0.75
17905.04206493977	750	9.804077885166647	0.0	437162	3389.692477486474	0.24420886	0.75
17908.160336881563	750	10.685805943372626	0.0	374758	3118.2719417940216	0.28896385	0.75
17911.117728757257	750	11.72841406767563	0.0	362795	2957.391875696999	0.22677469	0.75
17914.216122124584	750	12.630020700351531	0.0	353220	3098.393367324098	0.20301278	0.75
17917.363711931594	750	13.482430893340185	0.0	405134	3147.5898070113467	0.27087376	0.75
17920.527604000195	750	14.318538824737725	0.0	386351	3163.89206860246	0.26147813	0.75
17924.13216502261	750	14.713977802325259	0.0	434409	3604.561022412467	0.24810913	0.75
17926.940071968686	750	15.906070856248181	0.0	337059	2807.906946077077	0.383138	0.75
17930.489389836297	750	16.356752988637012	0.0	366214	3549.317867611167	0.2869883	0.75
17934.032715382014	750	16.81342744292083	0.0	360831	3543.325545716183	0.20067938	0.75
17937.32751797846	750	17.518624846475003	0.0	372963	3294.8025964458284	0.2999472	0.75
17941.756876416555	750	17.08926640837667	0.0	405596	4429.358438098333	0.25592542	0.75
17945.797772607104	750	17.048370217831923	0.0	350713	4040.8961905447463	0.30153114	0.75
17949.752960431455	750	17.093182393479264	0.0	386472	3955.187824352659	0.32273066	0.75
17953.232401011704	750	17.613741813230895	0.0	399894	3479.440580248367	0.26830354	0.75
17956.82747073364	750	18.018672091297812	0.0	401853	3595.0697219330846	0.27959782	0.75
17960.109780164214	750	18.736362660724982	0.0	343800	3282.3094305728314	0.3169112	0.75
17963.802790308942	750	19.043352515996666	0.0	359903	3693.010144728316	0.24520212	0.75
17967.42071564372	750	19.42542718121798	0.0	379700	3617.925334778689	0.27055055	0.75
17971.303702563862	750	19.54244026107483	0.0	425781	3882.9869201431497	0.21989718	0.75
17974.35210368865	750	20.494039136287146	0.0	277716	3048.401124787684	0.44873816	0.75
17980.212214625957	750	18.633928198977628	0.0	400396	5860.110937309516	0.32570583	0.75
17984.62836510743	750	18.217777717508945	0.0	400508	4416.150481468683	0.45131344	0.75
17987.914828277324	750	18.931314547615315	0.0	358218	3286.463169893629	0.43228534	0.75
17991.80624199645	750	19.039900828485283	0.0	400322	3891.413719130033	0.3284554	0.75
17995.48492359089	750	19.361219234047233	0.0	369834	3678.6815944380483	0.3531053	0.75
18000.089470843715	750	18.756671981223825	0.0	412837	4604.547252823405	0.3477487	0.75
18003.11181147173	750	19.73433135320927	0.0	401088	3022.340628014552	0.33876052	0.75
18006.07497933988	750	20.771163485058334	0.0	365161	2963.167868150938	0.54471534	0.75
18009.285778088917	750	21.560364736022887	0.0	321064	3210.798749035451	0.65841174	0.75
18013.04195414731	750	21.80418867762854	0.0	361565	3756.1760583943437	0.47805977	0.75
18017.516556408675	750	21.32958641626392	0.0	378327	4474.602261364623	0.5345775	0.75
18024.348443795745	750	18.497699029191764	0.0	390680	6831.887387072154	0.5954924	0.75
18029.390327900463	750	17.455814924475057	0.0	345516	5041.884104716707	0.669374	0.75
18036.589747388465	750	14.256395436472701	0.0	384505	7199.419488002355	0.46484256	0.75
18043.10741509678	750	11.73872772815736	0.0	372093	6517.667708315344	0.6025974	0.75
18047.754612168836	750	11.091530656098046	0.0	438281	4647.197072059313	0.7130719	0.75
18051.496430568055	750	11.349712256880814	0.0	398987	3741.818399217233	0.6809293	0.75
18055.372579274324	750	11.473563550612194	0.0	393804	3876.14870626862	0.66780156	0.75
18058.532350103713	750	12.313792721221189	0.0	331053	3159.7708293910055	0.99478954	0.75
18061.915240819995	750	12.93090200493995	0.0	314107	3382.8907162812393	0.83776164	0.75

