14038.874538013717	750	4.0	1.5754002818435975	450283	1575.4002818435974	0.70263517	-6.024221211927469
14040.694812119891	750	6.179725893824993	0.0	398865	1820.2741061750069	0.85756236	0.75
14041.777743950408	750	9.09679406330946	0.0	350812	1082.9318305155325	0.76012945	0.75
14043.203360071384	750	11.671177942334614	0.0	382355	1425.616120974846	1.179147	0.75
14045.14809009982	750	13.726447913899609	0.0	411561	1944.7300284350058	0.9449196	0.75
14047.759779781216	1200	15.114758232502119	0.0	520315	2611.689681397489	0.98478365	0.75
14051.412932135214	1200	15.461605878506154	0.0	561791	3653.1523539959658	0.19922845	1.2
14058.194820872854	1200	12.679717140864906	0.0	709534	6781.888737641248	0.12612213	1.2
14061.082362420706	1200	13.792175593012344	0.0	584846	2887.541547852564	0.22964954	1.2
14063.790192903503	1200	15.08434511021391	0.0	560821	2707.8304827984334	0.1966956	1.2
14067.107186691492	1200	15.767351322227514	0.0	607410	3316.993787986396	0.24431397	1.2
14069.819721940583	1200	17.054816073135985	0.0	594078	2712.5352490915284	0.17853943	1.2
14072.887027056517	1200	17.98751095720222	0.0	624282	3067.3051159337674	0.227353	1.2
14076.744056447358	1200	18.130481566360533	0.0	687371	3857.0293908416843	0.18011925	1.2
14079.359853580974	1200	19.514684432745916	0.0	526950	2615.7971336146175	0.172555	1.2
14082.214677690785	1200	20.659860322934655	0.0	587876	2854.8241098112576	0.2414703	1.2
14085.131758952179	1200	21.742779061542148	0.0	617242	2917.0812613925073	0.30488822	1.2
14089.005177760731	1200	21.869360252987967	0.0	581493	3873.418808554178	0.2833603	1.2
14092.533179233638	1200	22.341358780080128	0.0	639204	3528.00147290784	0.15525033	1.2
14095.409319309738	1200	23.465218703980266	0.0	586839	2876.1400760998617	0.24116841	1.2
14098.026813493394	1200	24.847724520324476	0.0	601738	2617.494183655792	0.26773763	1.2
14101.40272337371	1200	25.47181464000757	0.0	616206	3375.9098803169086	0.348695	1.2
14104.704006164528	1200	26.170531849190542	0.0	656471	3301.2827908170248	0.25267684	1.2
14107.212487324728	1200	27.662050688991588	0.0	536667	2508.4811601989545	0.3451483	1.2
14109.621478648349	1200	29.253059365369392	0.0	587236	2408.991323622197	0.4377634	1.2
14112.541021403453	1200	30.333516610267043	0.0	590335	2919.5427551023467	0.50122356	1.2
14115.75804100358	1200	31.11649701013737	0.0	696376	3217.0196001296736	0.38492438	1.2
14118.332266288082	1200	32.542271725637704	0.0	487160	2574.225284499665	0.6642741	1.2
14122.029607572145	1200	32.84493044157397	0.0	622896	3697.34128406373	0.4839031	1.2
14125.782094060862	1200	33.09244395285819	0.0	641447	3752.4864887157833	0.35203177	1.2
14128.526806721444	1200	34.347731292277345	0.0	570392	2744.712660580856	0.41827708	1.2
14131.246714817127	1200	35.62782319659429	0.0	620283	2719.908095683053	0.5223898	1.2
14133.33526324729	1200	37.539274766430935	0.0	584349	2088.548430163352	0.75310683	1.2
14136.03606110417	1200	38.83847690955129	0.0	670129	2700.797856879647	0.9276835	1.2
14139.332899392344	1200	39.54163862137873	0.0	690253	3296.838288172555	0.95224214	1.2
14142.21827549906	1200	40.656262514662316	0.0	598727	2885.3761067164123	0.8794105	1.2
14145.561396474546	1200	41.31314153917694	0.0	487812	3343.1209754853758	1.2165854	1.2
14150.350043815874	1200	40.52449419784939	0.0	575591	4788.647341327543	0.9167516	1.2
14152.622654828023	1200	42.251883185699974	0.0	605884	2272.611012149423	0.75946116	1.2
14154.901843318246	1200	43.97269469547642	0.0	587506	2279.188490223551	1.3367121	1.2
14166.327969451213	4300	36.546568562510124	0.0	2108491	11426.126132966296	1.2368307	1.1999999999999997
14176.198576134531	4300	30.675961879191835	0.0	2184571	9870.606683318289	0.15932667	4.3
14189.48376526385	4300	21.390772749872667	0.0	2121928	13285.189129319171	0.49094218	4.3
14195.065558659748	1850	19.80897935397477	0.0	973972	5581.7933958978965	1.1911892	-0.6000000000000001
14199.942652090771	1850	18.931885922951082	0.0	958994	4877.093431023687	0.3463024	1.85
14206.165654985387	1850	16.708883028334576	0.0	982064	6223.002894616509	0.49114048	1.85
14209.176493368604	1850	17.698044645116674	0.0	830730	3010.8383832178997	0.7499087	1.85
14213.808724920886	1850	17.065813092835654	0.0	846370	4632.231552281021	0.7682	1.85

