16808.580757763302	750	4.0	1.5823407749373364	450283	1582.3407749373364	0.97167194	-6.054065332230546
16810.169309766403	750	6.411447996900855	0.0	398865	1588.5520030991447	0.8552697	0.75
16811.826927107686	750	8.75383065561924	0.0	350812	1657.617341281615	0.8673229	0.75
16813.241559603903	750	11.339198159398642	0.0	382355	1414.632496220598	0.8987244	0.75
16814.655082682624	750	13.925675080678698	0.0	411561	1413.5230787199455	0.9226091	0.75
16816.912547455544	1200	15.668210307756432	0.0	520315	2257.464772922265	1.029221	0.75
16819.120076335963	1200	17.46068142733958	0.0	561791	2207.528880416853	0.28794265	1.2
16822.154614175925	1200	18.42614358737808	0.0	709534	3034.5378399615006	0.2643903	1.2
16824.607664901807	1200	19.97309286149341	0.0	584846	2453.050725884671	0.36776212	1.2
16826.63224754932	1200	21.948510213979883	0.0	560821	2024.5826475135268	0.42842096	1.2
16829.09911144211	1200	23.48164632119438	0.0	607410	2466.863892785507	0.52024823	1.2
16831.90153068716	1200	24.679227076144887	0.0	594078	2802.4192450494934	0.44155073	1.2
16834.203005531115	1200	26.377752232187664	0.0	624282	2301.4748439572218	0.3710265	1.2
16837.03659041444	1200	27.54416734886111	0.0	687371	2833.584883326557	0.41551617	1.2
16839.524895566767	1200	29.055862196535905	0.0	526950	2488.305152325203	0.5543992	1.2
16842.187658372193	1200	30.393099391109253	0.0	587876	2662.762805426652	0.4732442	1.2
16844.721717341192	1200	31.859040422110123	0.0	617242	2534.0589689991293	0.47739226	1.2
16847.453009535693	1200	33.12774822760819	0.0	581493	2731.292194501939	0.56898826	1.2
16850.281280907475	1200	34.29947685582502	0.0	639204	2828.2713717831653	0.42816228	1.2
16852.575166979583	1200	36.00559078371696	0.0	586839	2293.886072108062	0.5563422	1.2
16855.501584736438	1200	37.07917302686053	0.0	601738	2926.4177568564232	0.65907055	1.2
16857.784052387567	1200	38.796705375726596	0.0	616206	2282.467651133932	0.5158833	1.2
16860.913956379525	1200	39.666801383769034	0.0	656471	3129.9039919575675	0.68586755	1.2
16864.502575341976	1200	40.078182421317784	0.0	536667	3588.618962451251	0.6389488	1.2
16868.480558441497	1200	40.10019932179665	0.0	587236	3977.9830995211296	0.49601573	1.2
16871.37703201165	1200	41.2037257516448	0.0	590335	2896.4735701518603	0.34176946	1.2
16874.57770477673	1200	42.00305298656512	0.0	696376	3200.672765079667	0.49846342	1.2
16877.386517606243	1200	43.19424015705109	0.0	487160	2808.8128295140323	0.77148455	1.2
16881.90976290924	1200	42.67099485405402	0.0	622896	4523.2453029970675	0.5721662	1.2
16887.533485028187	1200	41.04727273510772	0.0	641447	5623.722118946299	0.34250772	1.2
16892.894262074326	1200	39.686495688972194	0.0	570392	5360.777046135527	0.3069055	1.2
16898.10053251249	1200	38.480225250807145	0.0	620283	5206.270438165049	0.27384537	1.2
16902.954241098243	1200	37.62651666505332	0.0	584349	4853.708585753825	0.36312917	1.2
16907.80114905284	1200	36.77960871045622	0.0	670129	4846.907954597097	0.36158788	1.2
16920.018221975042	1200	28.5625357882527	0.0	690253	12217.072922203526	0.3934093	1.2
16926.609919760405	1200	25.970838002891163	0.0	598727	6591.697785361534	0.56030905	1.2
16932.919666115136	1200	23.661091648161822	0.0	487812	6309.746354729342	0.56144893	1.2
16937.484183012803	1200	23.09657475049485	0.0	575591	4564.516897666974	0.5972289	1.2
16940.979684509774	1200	23.601073253523115	0.0	605884	3495.501496971733	0.475982	1.2
16944.549335272073	1200	24.031422491223715	0.0	587506	3569.6507622994	0.6067786	1.2
16949.25203230138	1200	23.328725461915244	0.0	566904	4702.69702930847	0.62348974	1.2
16954.110255309763	1200	22.470502453533914	0.0	641452	4858.223008381329	0.5338446	1.2
16957.547425129716	1200	23.033332633582088	0.0	599477	3437.1698199518237	0.6665976	1.2
16961.02790329269	1200	23.552854470609283	0.0	634861	3480.4781629728072	0.60813934	1.2
16965.25095153781	1200	23.329806225488493	0.0	630203	4223.04824512079	0.8287126	1.2
16969.350863886975	1200	23.22989387632584	0.0	638661	4099.912349162656	0.790398	1.2
16972.50649137525	1200	24.074266388050503	0.0	538612	3155.6274882753337	1.0542428	1.2
16979.11432525528	1850	21.466432508020603	0.0	846370	6607.833880029897	1.0720365	1.2000000000000002

