12506.413158620673	750	4.0	6.3928079957343495	450283	6392.80799573435	0.81484044	-26.7390743816577
12507.482246230411	300	6.93091239026107	0.0	155580	1069.0876097389298	0.28852034	-0.15000000000000002
12508.968020946893	300	9.445137673777062	0.0	139857	1485.7747164840077	0.85550135	0.3
12511.011580302677	300	11.40157831799436	0.0	155432	2043.559355782702	0.43854117	0.3
12513.04709115619	300	13.366067464480084	0.0	163442	2035.5108535142779	0.4028712	0.3
12514.018399182101	300	16.39475943856815	0.0	126289	971.3080259119344	0.42438397	0.3
12515.06540826706	300	19.347750353610195	0.0	153295	1047.009084957957	0.7429469	0.3
12516.432183830524	300	21.98097479014698	0.0	173849	1366.7755634632117	0.9751681	0.3
12517.63748199506	300	24.77567662561142	0.0	150710	1205.2981645355596	1.0413198	0.3
12520.281547379194	750	26.13161124147742	0.0	362795	2644.065384134003	0.9949362	0.3
12523.505534260934	750	26.90762435973634	0.0	353220	3223.98688174108	0.4476955	0.75
12527.134296696058	750	27.278861924612528	0.0	405134	3628.7624351238132	0.48811704	0.75
12529.942698000841	750	28.470460619829677	0.0	386351	2808.401304782854	0.34596932	0.75
12533.123016325875	750	29.290142294796887	0.0	434409	3180.318325032788	0.59437066	0.75
12535.724237751483	750	30.688920869187655	0.0	337059	2601.221425609229	0.65413547	0.75
12539.307129859839	750	31.10602876083324	0.0	366214	3582.8921083544155	0.6358993	0.75
12542.066807785563	750	32.34635083510837	0.0	360831	2759.6779257248736	0.36184794	0.75
12544.325531138773	750	34.087627481899695	0.0	372963	2258.7233532086702	0.6829134	0.75
12546.34780802632	750	36.06535059435252	0.0	405596	2022.276887547177	0.7611841	0.75
12548.82890700359	750	37.58425161708319	0.0	350713	2481.0989772693365	0.9434207	0.75
12553.810086783664	750	36.60307183700788	0.0	386472	4981.179780075309	0.8805032	0.75
12558.122901973438	750	36.29025664723415	0.0	399894	4312.815189773733	0.5195299	0.75
12560.89223530836	750	37.520923312311794	0.0	401853	2769.333334922354	0.65899503	0.75
12563.227377436122	750	39.18578118455106	0.0	343800	2335.1421277607346	0.8867318	0.75
12565.499201869681	750	40.913956750991936	0.0	359903	2271.8244335591235	0.9081385	0.75
12568.032524047761	750	42.380634572911596	0.0	379700	2533.3221780803406	0.9621243	0.75
12571.578611591025	750	42.83454702964937	0.0	425781	3546.08754326222	0.8566829	0.75
12573.817931987734	750	44.59522663293936	0.0	277716	2239.320396710016	0.8609376	0.75
12576.735311661088	750	45.6778469595847	0.0	400396	2917.379673354662	0.9438441	0.75
12579.08766547446	750	47.32549314621158	0.0	400508	2352.3538133731217	0.9224793	0.75
12583.301952893287	1200	47.11120572738684	0.0	570392	4214.287418824739	1.0370792	0.75
12586.730663953871	1200	47.68249466680398	0.0	620283	3428.711060582854	0.5503782	1.2
12590.349751860918	1200	48.0634067597564	0.0	584349	3619.0879070475844	0.7875166	1.2
12593.4220397267	1200	48.99111889397351	0.0	670129	3072.287865782894	0.6678215	1.2
12600.370391646853	1200	46.04276697382115	0.0	690253	6948.351920152351	0.9813496	1.2
12606.57943991746	1200	43.83371870321356	0.0	598727	6209.048270607593	0.49716592	1.2
12610.550579186809	1200	43.86257943386619	0.0	487812	3971.139269347378	0.64816904	1.2
12613.767647246374	1200	44.6455113743003	0.0	575591	3217.0680595658946	0.65179294	1.2
12618.310995008193	1200	44.1021636124814	0.0	605884	4543.347761818898	0.9488528	1.2
12622.669777738298	1200	43.74338088237657	0.0	587506	4358.782730104821	0.75193346	1.2
12629.596837941563	1200	40.81632067911047	0.0	566904	6927.060203266104	0.90354246	1.2
12644.786035239706	1200	29.62712338096799	0.0	641452	15189.197298142477	0.6249396	1.2
12650.74914257082	1200	27.66401604985339	0.0	599477	5963.107331114598	0.74684817	1.2
12656.054180197149	1200	26.358978423525475	0.0	634861	5305.037626327918	0.6906153	1.2
12660.778499969894	1200	25.63465865077972	0.0	630203	4724.319772745755	0.59150314	1.2
12664.81366273028	1200	25.59949589039614	0.0	638661	4035.162760383581	0.69845104	1.2
12667.359321483144	1200	27.053837137532142	0.0	538612	2545.658752863999	0.9944887	1.2
12670.162209112366	1200	28.250949508308345	0.0	550906	2802.8876292237965	1.2231176	1.2

