11615.927561835337	750	4.0	4.127748728925795	450283	4127.748728925795	0.446144	-16.999319534380916
11618.55150156945	300	5.376060265887466	0.0	155580	2623.939734112534	0.6996777	-0.15000000000000002
11619.668095055711	300	8.259466779627365	0.0	139857	1116.593486260102	0.10059509	0.3
11620.736455786735	300	11.19110604860217	0.0	155432	1068.3607310251944	0.6675749	0.3
11621.772914069757	300	14.154647765580098	0.0	163442	1036.4582830220731	0.8548943	0.3
11623.521297235557	750	16.40626459978061	0.0	318564	1748.3831657994845	1.1823024	0.3
11625.477751009032	750	18.449810826304965	0.0	352642	1956.4537734756439	0.52910286	0.75
11628.456451240843	750	19.471110594493314	0.0	437162	2978.7002318116492	0.47651654	0.75
11630.923944871918	750	21.003616963419542	0.0	374758	2467.4936310737708	0.6028422	0.75
11633.750590244686	750	22.176971590650368	0.0	362795	2826.6453727691755	0.65096194	0.75
11636.898669638163	750	23.028892197172617	0.0	353220	3148.07939347775	0.57689214	0.75
11642.08497797494	750	21.84258386039755	0.0	405134	5186.308336775067	0.5716093	0.75
11648.08440151928	750	19.843160316058615	0.0	386351	5999.423544338932	0.36173114	0.75
11651.664796135517	750	20.262765699820953	0.0	434409	3580.394616237663	0.39932513	0.75
11654.339184045679	750	21.588377789659095	0.0	337059	2674.387910161858	0.4047765	0.75
11656.536961228347	750	23.39060060699111	0.0	366214	2197.777182667985	0.33334172	0.75
11659.348876385695	750	24.578685449643423	0.0	360831	2811.9151573476834	0.45782936	0.75
11661.06832479256	750	26.859237042778116	0.0	372963	1719.448406865309	0.40914047	0.75
11662.913189921383	750	29.01437191395593	0.0	405596	1844.8651288221868	0.7970054	0.75
11664.319476677843	750	31.608085157497072	0.0	350713	1406.2867564588578	0.9270219	0.75
11666.659105515235	1200	33.268456320105365	0.0	601738	2339.628837391704	1.056812	0.75
11669.011502694362	1200	34.916059140977545	0.0	616206	2352.3971791278254	0.44038087	1.2
11671.589853618218	1200	36.33770821712251	0.0	656471	2578.350923855031	0.5504926	1.2
11673.691622514227	1200	38.235939321112	0.0	536667	2101.768896010517	0.70781976	1.2
11675.716341551046	1200	40.211220284293574	0.0	587236	2024.7190368184254	0.87230396	1.2
11677.50491125103	1200	42.42265058430933	0.0	590335	1788.569699984237	1.0029556	1.2
11679.595262222043	1200	44.3322996132953	0.0	696376	2090.350971014039	1.1354806	1.2
11680.957548131826	1200	46.97001370351277	0.0	487160	1362.2859097825249	1.3502222	1.2
11682.64554022143	1200	49.28202161390816	0.0	622896	1687.9920896046187	1.3746974	1.2
11689.845793503104	4300	46.08176833223458	0.0	2164140	7200.253281673571	1.340755	1.1999999999999997
11698.54484719371	4300	41.382714641627985	0.0	2113193	8699.053690606599	0.2688566	4.3
11704.97290475129	4300	38.954657084049565	0.0	2147852	6428.057557578422	0.3618752	4.3
11717.869495349194	4300	30.058066486143943	0.0	2191074	12896.590597905619	0.32215476	4.3
11731.493866499444	4300	20.43369533589453	0.0	2286761	13624.371150249415	0.7841331	4.3
11738.935888613278	2850	16.99167322206032	0.0	1492672	7442.022113834204	1.146662	1.4000000000000001
11743.789754848081	2850	16.13780698725697	0.0	1439896	4853.866234803353	0.9746715	2.85
11748.351723054351	2850	15.575838780986773	0.0	1139291	4561.968206270196	0.3266403	2.85
11754.133861674507	2850	13.793700160832714	0.0	1499009	5782.138620154059	0.71937656	2.85
11762.941423741539	2850	8.98613809380042	0.0	1427478	8807.562067032293	0.6929413	2.85
11766.600321322998	1850	9.327240512340275	0.0	930577	3658.897581460145	1.0048134	0.8500000000000001
11769.838667634875	1850	10.088894200463407	0.0	858450	3238.3463118768673	0.42637274	1.85
11775.133284982505	1850	8.794276852833583	0.0	1025005	5294.6173476298245	0.3980534	1.85
11779.374101375477	1850	8.553460459859947	0.0	886255	4240.816392973636	0.67021537	1.85
11783.346295389889	1850	8.58126644544809	0.0	973972	3972.1940144118557	0.55953	1.85
11787.155307607192	1850	8.772254228144702	0.0	958994	3809.0122173033888	0.49376124	1.85
11790.703919481295	1850	9.223642354042894	0.0	982064	3548.6118741018067	0.38213748	1.85
11792.461233535196	1850	11.466328300140784	0.0	830730	1757.3140539021122	0.87886	1.85
11794.541465120496	1850	13.38609671484209	0.0	846370	2080.231585298695	1.1176808	1.85

