1022.0884488212394	750	4.0	4.594934407378574	450283	4594.934407378574	1.0139403	-19.008217951727868
1023.0719115327231	300	7.016537288516239	0.0	155580	983.462711483761	0.610224	-0.15000000000000002
1024.191745743952	300	9.896703077287517	0.0	139857	1119.8342112287223	1.0070572	0.3
1025.3957093144995	300	12.692739506739828	0.0	155432	1203.9635705476885	0.8394591	0.3
1026.9324849958584	300	15.155963825380816	0.0	163442	1536.7756813590127	0.9215951	0.3
1029.1401794674448	300	16.948269353794576	0.0	126289	2207.694471586241	0.82595164	0.3
1031.0106352927191	300	19.077813528520092	0.0	153295	1870.4558252744825	0.48652297	0.3
1032.2479774845256	300	21.840471336713733	0.0	173849	1237.3421918063561	0.52117676	0.3
1033.5900207541486	300	24.498428067090803	0.0	150710	1342.0432696229343	0.9804332	0.3
1035.192935651555	300	26.89551316968446	0.0	139105	1602.9148974063414	0.9796923	0.3
1037.0263891072304	300	29.06205971400894	0.0	141840	1833.453455675521	0.80368185	0.3
1039.19338959137	300	30.895059229869286	0.0	156148	2167.0004841396526	0.6397482	0.3
1041.616481979293	300	32.47196684194633	0.0	160746	2423.092387922953	0.7157247	0.3
1044.0866642504357	300	34.001784570803764	0.0	179801	2470.1822711425666	0.4812378	0.3
1046.7340788626066	300	35.35436995863275	0.0	140051	2647.4146121710146	0.69063544	0.3
1050.2251290825143	300	35.86331973872515	0.0	138313	3491.0502199076013	0.3917455	0.3
1053.435582630855	300	36.65286619038434	0.0	143509	3210.45354834081	0.25866288	0.3
1055.9745798258932	300	38.113868995346046	0.0	150616	2538.997195038292	0.20642518	0.3
1057.796989781557	300	40.29145903968237	0.0	165384	1822.4099556636788	0.1898007	0.3
1059.057562139687	300	43.03088668155238	0.0	140881	1260.572358129993	0.4810501	0.3
1060.417159238158	300	45.67128958308121	0.0	157671	1359.5970984711666	0.7114458	0.3
1061.7674829759994	300	48.32096584523999	0.0	157812	1350.323737841225	0.812804	0.3
1063.2451428093318	300	50.843306011907465	0.0	163927	1477.6598333325235	0.8957969	0.3
1064.521029452789	300	53.56741936845056	0.0	137654	1275.8866434569052	0.93120813	0.3
1065.8589366852123	300	56.22951213602718	0.0	146754	1337.907232423375	0.9135729	0.3
1067.5076022092574	300	58.580846611981954	0.0	153938	1648.6655240452224	0.85652196	0.3
1069.7423616126946	300	59.87051082701174	0.0	181901	2210.3357849702143	0.9065729	0.3
1071.9740127568575	300	59.716897073713696	0.0	111155	1653.6137532980429	0.9159682	0.3
1074.0421624804912	300	59.69184089777927	0.0	153605	1525.05617593443	0.7820764	0.3
1078.0342557920803	300	59.69974758618996	0.0	149029	2492.093311589315	0.9614351	0.3
1082.5213620207014	300	59.21264135756902	0.0	157421	4487.1062286209435	0.8156615	0.3
1087.3580052960226	300	58.375998082247854	0.0	157488	4836.643275321165	0.7074777	0.3
1091.5832040664748	300	58.1507993117959	0.0	143881	4225.198770451959	0.7634211	0.3
1096.169689291664	300	57.56431408660634	0.0	163444	4586.485225189556	0.59751606	0.3
1101.829766921521	300	55.904236456749665	0.0	179328	5660.077629856677	0.671129	0.3
1104.8624312596348	300	56.87157211863574	0.0	159914	3032.6643381139215	0.60722375	0.3
1106.015056555287	300	59.718946822983604	0.0	131610	1152.6252956521328	1.1254978	0.3
1107.852187092328	300	59.68837537526058	0.0	124011	1030.5714477230267	1.6119454	0.3
1117.3006096889087	1850	54.239952778679765	0.0	908665	9448.422596580815	1.7087742	0.30000000000000004
1123.415591096856	1850	52.124971370732545	0.0	930577	6114.981407947219	0.7692361	1.85
1128.890510946231	1850	50.65005152135757	0.0	858450	5474.919849374968	1.0136074	1.85
1135.6326537214638	1850	47.90790874612466	0.0	1025005	6742.142775232911	0.9240207	1.85
1140.5335932924388	1850	47.006969175149614	0.0	886255	4900.939570975042	0.9638144	1.85
1146.793566284293	1850	44.746996183295515	0.0	973972	6259.972991854101	1.0357647	1.85
1153.2500530407212	1850	42.290509426867445	0.0	958994	6456.48675642807	0.81803346	1.85
1159.4189846682993	1850	40.12157779928933	0.0	982064	6168.931627578118	0.58135736	1.85
1164.810350840646	1850	38.73021162694283	0.0	830730	5391.366172346498	0.6253296	1.85
1170.256095270516	1850	37.28446719707282	0.0	846370	5445.744429870009	0.54548526	1.85

