18940.75206346684	750	4.0	1.9120480482224669	450283	1912.0480482224668	0.6389942	-7.471806607356607
18942.60148910863	750	6.150574358208762	0.0	398865	1849.425641791238	0.7355702	0.75
18944.127882725763	750	8.62418074107329	0.0	350812	1526.3936171354708	0.7506239	0.75
18947.60987780407	750	9.142185662770313	0.0	382355	3481.995078302978	0.9414881	0.75
18954.996100620785	750	5.755962846053477	0.0	411561	7386.222816716835	0.3801064	0.75
18957.50093717236	750	7.251126294475372	0.0	318564	2504.8365515781056	0.5569954	0.75
18960.254426441566	750	8.497637025272743	0.0	352642	2753.4892692026287	0.44010088	0.75
18964.65971270021	750	8.092350766625598	0.0	437162	4405.286258647144	0.30785275	0.75
18966.835985315454	750	9.916078151381427	0.0	374758	2176.2726152441724	0.42453355	0.75
18968.987060274652	750	11.765003192181583	0.0	362795	2151.0749591998438	0.4646524	0.75
18970.89217053507	750	13.859892931764199	0.0	353220	1905.1102604173855	0.4339099	0.75
18972.79772834754	750	15.9543351192945	0.0	405134	1905.557812469698	0.6485692	0.75
18974.780597603407	750	17.971465863428552	0.0	386351	1982.8692558659463	0.83939016	0.75
18977.051603916607	750	19.70045955022825	0.0	434409	2271.006313200302	0.7711505	0.75
18979.80601973642	1200	20.946043730414647	0.0	526950	2754.415819813603	0.9002849	0.75
18985.604846495953	1200	19.147216970882642	0.0	587876	5798.826759532005	0.23370329	1.2
18992.99548390013	1200	15.7565795667066	0.0	617242	7390.637404176041	0.14364871	1.2
19005.49868226849	1200	7.253381198342415	0.0	581493	12503.198368364185	0.35185242	1.2
19008.00414093785	300	8.747922528984619	0.0	165384	2505.4586693577958	0.9031695	-0.6000000000000001
19009.747542432855	300	11.004521033979582	0.0	140881	1743.401495005035	0.5188138	0.3
19011.256614212376	300	13.49544925446112	0.0	157671	1509.0717795184623	0.5612156	0.3
19012.467604296504	300	16.284459170331083	0.0	157812	1210.9900841300387	0.6635499	0.3
19013.523105799897	300	19.228957666939404	0.0	163927	1055.5015033916766	1.0651388	0.3
19015.864375907146	750	20.88768755969182	0.0	343800	2341.270107247586	1.200436	0.3
19019.400646322432	750	21.35141714440359	0.0	359903	3536.27041528823	0.1736398	0.75
19024.7627969418	750	19.989266525039326	0.0	379700	5362.150619364262	0.3320464	0.75
19030.188538838975	750	18.56352462786215	0.0	425781	5425.741897177174	0.34466332	0.75
19033.173129693554	750	19.57893377328448	0.0	277716	2984.5908545776724	0.61056995	0.75
19036.09817255504	750	20.65389091179704	0.0	400396	2925.042861487439	0.39483845	0.75
19038.264441177747	750	22.487622289088247	0.0	400508	2166.268622708795	0.5271597	0.75
19039.71268728868	750	25.039376178156125	0.0	358218	1448.2461109321184	0.82600904	0.75
19042.798886369852	1200	25.953177096985346	0.0	620283	3086.1990811707815	1.1593513	0.75
19045.55621773734	1200	27.19584572949792	0.0	584349	2757.3313674874275	0.37821856	1.2
19048.64137975201	1200	28.110683714825534	0.0	670129	3085.1620146723862	0.37845054	1.2
19051.293257393536	1200	29.45880607329926	0.0	690253	2651.877641526272	0.5043063	1.2
19053.744866705132	1200	31.007196761702552	0.0	598727	2451.6093115967096	0.886969	1.2
19055.886104747715	1200	32.8659587191154	0.0	487812	2141.238042587155	1.1969748	1.2
19058.37672290898	1200	34.375340557853846	0.0	575591	2490.6181612615546	1.061883	1.2
19061.051895543016	1200	35.70016792381341	0.0	605884	2675.1726340404375	1.1254028	1.2
19063.584736953606	1200	37.167326513223934	0.0	587506	2532.8414105894763	1.1829145	1.2
19066.019834912793	1200	38.732228554036865	0.0	566904	2435.0979591870628	1.3281728	1.2
19070.432764212946	1200	38.31929925388059	0.0	641452	4412.9293001562855	1.3142456	1.2
19081.67290231872	1200	31.079161148103314	0.0	599477	11240.13810577727	1.2631366	1.2
19087.604340047757	1200	29.14772341907014	0.0	634861	5931.437729033177	0.84491324	1.2
19090.928086954722	1200	29.823976512106842	0.0	630203	3323.7469069632957	1.0106071	1.2
19094.47223310213	1200	30.27983036469897	0.0	638661	3544.1461474078715	1.0843403	1.2
19097.309275056035	1200	31.442788410791277	0.0	538612	2837.041953907692	1.316424	1.2
19100.037871137618	1200	32.71419232920774	0.0	550906	2728.596081583535	1.3199801	1.2

