7567.788971534621	750	4.0	6.579692689023528	450283	6579.692689023527	0.07804935	-27.542678562801168
7568.775759450771	300	7.013212083850239	0.0	155580	986.7879161497615	0.2672044	-0.15000000000000002
7570.723945502878	300	9.065026031742615	0.0	139857	1948.1860521076244	0.98779225	0.3
7574.730069268631	300	9.058902265989714	0.0	155432	4006.1237657529027	0.29843262	0.3
7578.823615821297	300	8.965355713323753	0.0	163442	4093.546552665962	0.21521425	0.3
7580.932187010232	300	10.856784524387702	0.0	126289	2108.57118893605	0.14949507	0.3
7583.1084668858475	300	12.680504648772505	0.0	153295	2176.2798756151965	0.15671028	0.3
7586.522259826276	300	13.26671170834403	0.0	173849	3413.7929404284755	0.11776659	0.3
7589.3762256517575	300	14.412745882862826	0.0	150710	2853.965825481205	0.14293098	0.3
7591.911811673586	300	15.877159861034803	0.0	139105	2535.5860218280227	0.11709324	0.3
7593.414344568298	300	18.374626966323696	0.0	141840	1502.5328947111045	0.11380332	0.3
7594.639060080617	300	21.149911454003995	0.0	156148	1224.7155123197024	0.2144326	0.3
7595.845532659852	300	23.943438874768944	0.0	160746	1206.4725792350514	0.7886408	0.3
7596.99873952978	300	26.790232004841215	0.0	179801	1153.2068699277306	0.9273256	0.3
7598.93607011169	750	28.852901422931055	0.0	337059	1937.3305819101586	1.1425575	0.3
7601.529494841311	750	30.25947669331002	0.0	366214	2593.4247296210337	0.7282359	0.75
7603.943681993454	750	31.845289541166498	0.0	360831	2414.187152143524	0.6554662	0.75
7606.206729731699	750	33.582241802922965	0.0	372963	2263.0477382435292	0.81846213	0.75
7608.426240120516	750	35.36273141410519	0.0	405596	2219.5103888177778	0.85922736	0.75
7612.700961644406	1200	35.08800989021575	0.0	586839	4274.721523889442	0.9340553	0.75
7616.795834226875	1200	34.99313730774664	0.0	601738	4094.872582469109	0.24772036	1.2
7621.838515347682	1200	33.95045618693905	0.0	616206	5042.681120807588	0.23461217	1.2
7625.1970478628655	1200	34.59192367175597	0.0	656471	3358.53251518308	0.18087786	1.2
7627.535709925785	1200	36.25326160883492	0.0	536667	2338.6620629210474	0.3365384	1.2
7630.115998250983	1200	37.67297328363803	0.0	587236	2580.2883251968906	0.5167476	1.2
7632.836718614739	1200	38.95225291988249	0.0	590335	2720.720363755535	0.5120798	1.2
7635.3585701113	1200	40.43040142332065	0.0	696376	2521.8514965618365	0.38995138	1.2
7637.433883699565	1200	42.35508783505489	0.0	487160	2075.3135882657643	0.83446026	1.2
7640.409341097684	1200	43.37963043693619	0.0	622896	2975.4573981187023	0.7166592	1.2
7644.354240628981	1200	43.43473090563908	0.0	641447	3944.8995312971097	0.65792763	1.2
7648.550440116815	1200	43.23853141780586	0.0	570392	4196.199487833218	0.6076273	1.2
7651.694290895479	1200	44.0946806391417	0.0	620283	3143.8507786641662	0.45930156	1.2
7655.340063484779	1200	44.448908049841364	0.0	584349	3645.772589300331	0.8060576	1.2
7662.242232229661	1200	41.54673930496073	0.0	670129	6902.168744880631	0.6118598	1.2
7677.529889673438	1200	30.25908186118182	0.0	690253	15287.657443778915	0.36215597	1.2
7692.096867641753	1200	19.692103892867383	0.0	598727	14566.977968314433	0.5703223	1.2
7700.986054810602	1200	14.802916724019877	0.0	487812	8889.187168847508	0.81391454	1.2
7704.005733525998	1200	15.78323800862343	0.0	575591	3019.678715396446	0.8948971	1.2
7707.0290420795845	1200	16.759929455036804	0.0	605884	3023.3085535866257	0.63532114	1.2
7713.733861150987	1200	14.055110383634663	0.0	587506	6704.819071402139	0.79531103	1.2
7721.013252728942	1200	10.775718805679762	0.0	566904	7279.391577954901	0.7603378	1.2
7723.655392743405	750	12.13357879121635	0.0	384505	2642.140014463414	0.6599375	0.3
7726.374764305525	750	13.414207229096597	0.0	372093	2719.371562119752	0.4083618	0.75
7730.037287561943	750	13.751683972678464	0.0	438281	3662.523256418134	0.7024505	0.75
7732.624012482863	750	15.164959051758261	0.0	398987	2586.7249209202027	1.0243616	0.75
7734.638889960689	750	17.15008157393162	0.0	393804	2014.877477826642	1.1594272	0.75
7737.187309547815	1200	18.60166198680686	0.0	538612	2548.419587124763	1.4139864	0.75
7741.402480812867	1850	18.386490721754356	0.0	846370	4215.171265052504	1.11601	1.2000000000000002

