23986.00488849304	750	4.0	5.259051639025879	450283	5259.051639025879	0.22922799	-21.86392204781128
23987.55011455569	300	6.454773937350686	0.0	155580	1545.2260626493135	0.46966112	-0.15000000000000002
23989.013025222383	300	8.991863270652232	0.0	139857	1462.9106666984549	0.33480695	0.3
23990.367549656996	300	11.637338836041588	0.0	155432	1354.5244346106435	0.40216058	0.3
23991.780956391907	300	14.223932101129046	0.0	163442	1413.4067349125414	0.5930736	0.3
23993.051597411635	300	16.953291081401293	0.0	126289	1270.6410197277503	0.74486196	0.3
23994.588939913352	300	19.41594857968636	0.0	153295	1537.3425017149304	0.6349453	0.3
23996.098086351092	300	21.90680214194333	0.0	173849	1509.1464377430323	0.6324184	0.3
23997.6269850897	300	24.37790340333504	0.0	150710	1528.898738608293	0.8680926	0.3
23999.071727722607	300	26.933160770428977	0.0	139105	1444.7426329060604	0.8295938	0.3
24000.398069245366	300	29.606819247671588	0.0	141840	1326.3415227573894	0.8357196	0.3
24001.5899728825	300	32.41491561053786	0.0	156148	1191.9036371337295	0.88857687	0.3
24004.689278838167	750	33.31560965487096	0.0	386351	3099.305955666903	1.017106	0.3
24007.836463510343	750	34.16842498269519	0.0	434409	3147.1846721757674	0.47382388	0.75
24009.52259685661	750	36.48229163642961	0.0	337059	1686.1333462655857	0.6526716	0.75
24011.699265929732	750	38.30562256330746	0.0	366214	2176.6690731221565	0.92860675	0.75
24014.068855727455	750	39.93603276558298	0.0	360831	2369.5897977244763	0.85080767	0.75
24016.02360502627	750	41.98128346677185	0.0	372963	1954.7492988111308	0.90423596	0.75
24019.792643981567	1200	42.21224451147062	0.0	639204	3769.0389553012255	0.90891266	0.75
24024.224024024526	1200	41.780864468510025	0.0	586839	4431.380042960595	0.3679187	1.2
24027.414731846668	1200	42.59015664637025	0.0	601738	3190.7078221397783	0.3009851	1.2
24030.495113198536	1200	43.50977529449889	0.0	616206	3080.381351871354	0.43047202	1.2
24034.264114240086	1200	43.7407742529476	0.0	656471	3769.0010415512897	0.4820874	1.2
24037.461145528807	1200	44.54374296422864	0.0	536667	3197.031288718961	0.44563922	1.2
24040.136740197446	1200	45.86814829558973	0.0	587236	2675.5946686389143	0.50169575	1.2
24043.497921625603	1200	46.506966867432745	0.0	590335	3361.181428156985	0.57277155	1.2
24046.834175078435	1200	47.17071341460111	0.0	696376	3336.2534528316382	0.49297753	1.2
24049.37406838813	1200	48.63082010490416	0.0	487160	2539.893309696951	0.7660933	1.2
24053.255178926454	1200	48.74970956658147	0.0	622896	3881.1105383226864	0.7290442	1.2
24057.92011407231	1200	48.08477442072716	0.0	641447	4664.935145854306	0.54817116	1.2
24061.835666644667	1200	48.169221848368565	0.0	570392	3915.552572358594	0.49522525	1.2
24066.825158863445	1200	47.17972962959106	0.0	620283	4989.492218777506	0.55078554	1.2
24070.829014441166	1200	47.175874051867154	0.0	584349	4003.855577723903	0.50757813	1.2
24075.80604478947	1200	46.19884370356212	0.0	670129	4977.030348305034	0.5557287	1.2
24080.29738916946	1200	45.70749932357504	0.0	690253	4491.344379987071	0.50626516	1.2
24083.607431538243	1200	46.39745695479155	0.0	598727	3310.0423687834927	0.57348615	1.2
24086.107446005837	1200	47.89744248719919	0.0	487812	2500.0144675923584	1.0999182	1.2
24089.74736406572	1200	48.25752442731756	0.0	575591	3639.9180598816315	1.1915972	1.2
24094.228966064773	1200	47.77592242826382	0.0	605884	4481.601999053744	1.007086	1.2
24098.738416667402	1200	47.266471825635605	0.0	587506	4509.450602628211	0.85273015	1.2
24103.161704948998	1200	46.84318354403964	0.0	566904	4423.288281595969	0.95914614	1.2
24109.936575524902	1200	44.06831296813826	0.0	641452	6774.870575901386	0.8743245	1.2
24115.13045138256	1200	42.874437110479235	0.0	599477	5193.875857659021	0.8744375	1.2
24121.112796226025	1200	40.89209226701428	0.0	634861	5982.344843464965	0.84353167	1.2
24126.921821018554	1200	39.083067474485404	0.0	630203	5809.024792528871	0.9203191	1.2
24133.16597088289	1200	36.83891761014992	0.0	638661	6244.149864335483	0.9146541	1.2
24138.919229896328	1200	35.085658596709756	0.0	538612	5753.259013440163	1.1298105	1.2
24145.867753698538	1200	32.1371347944983	0.0	550906	6948.523802211457	1.100228	1.2

