5440.78899225528	750	4.0	1.8710689380755445	450283	1871.0689380755446	0.604116	-7.295596433724841
5442.392006167073	750	6.396986088206931	0.0	398865	1603.0139117930696	0.7530103	0.75
5443.524758945528	750	9.264233309752525	0.0	350812	1132.7527784544063	0.8505924	0.75
5444.58820879065	750	12.200783464630447	0.0	382355	1063.449845122077	1.1567038	0.75
5446.357249977362	1200	14.431742277919234	0.0	652874	1769.0411867112127	1.1495668	0.75
5447.697547544684	1200	17.09144471059594	0.0	520315	1340.2975673232927	0.768019	1.2
5449.370291555427	1200	19.418700699852867	0.0	561791	1672.7440107430739	0.6711041	1.2
5451.609724270523	1200	21.17926798475722	0.0	709534	2239.432715095647	0.5783889	1.2
5454.313194342619	1200	22.475797912660838	0.0	584846	2703.470072096384	0.8470739	1.2
5457.093834182687	1200	23.695158072592967	0.0	560821	2780.6398400678695	0.5671329	1.2
5458.943444150755	1200	25.84554810452564	0.0	607410	1849.6099680673246	0.5541624	1.2
5460.857241342188	1200	27.93175091309212	0.0	594078	1913.7971914335226	0.7145042	1.2
5462.551013181223	1200	30.237979074056014	0.0	624282	1693.7718390361083	0.8068329	1.2
5464.382236713821	1200	32.40675554145849	0.0	687371	1831.223532597528	0.875595	1.2
5466.146121274408	1200	34.642870980871244	0.0	526950	1763.884560587242	1.0483745	1.2
5468.271727035495	1200	36.51726521978333	0.0	587876	2125.605761087915	0.9590723	1.2
5470.396658512517	1200	38.392333742761544	0.0	617242	2124.9314770217884	0.83918893	1.2
5472.277682606411	1200	40.51130964886707	0.0	581493	1881.024093894473	0.9658164	1.2
5474.078431333819	1200	42.71056092145872	0.0	639204	1800.7487274083437	1.030178	1.2
5475.636052726098	1200	45.15293952918058	0.0	586839	1557.6213922781496	1.2497927	1.2
5477.655193005891	1200	47.13379924938632	0.0	601738	2019.1402797942546	1.3577905	1.2
5479.899113514434	1200	48.88987874084367	0.0	616206	2243.920508542651	1.2648097	1.2
5482.1940202351025	1200	50.59497202017596	0.0	656471	2294.9067206677137	1.1620907	1.2
5484.2198049982635	1200	52.56918725701482	0.0	536667	2025.784763161138	1.2800331	1.2
5486.637459025864	1200	54.15153322941498	0.0	587236	2417.654027599839	1.3583784	1.2
5489.049592651833	1200	55.73939960344515	0.0	590335	2412.1336259698296	1.3185735	1.2
5492.239431830842	1200	56.549560424437935	0.0	696376	3189.8391790072105	1.3334937	1.2
5494.213895214718	1200	58.57509704056112	0.0	487160	1974.4633838768207	1.3765695	1.2
5496.881931018787	1200	59.9070612364918	0.0	622896	2668.0358040693163	1.4061551	1.2
5500.9750875980835	1200	59.7524868119356	0.0	641447	3654.5744245562055	1.3629119	1.2
5507.2243925802295	1200	57.503181829789355	0.0	570392	6249.304982146244	1.341792	1.2
5509.766546983956	1200	58.96102742606352	0.0	620283	2542.154403725836	0.6201472	1.2
5517.355855718219	1200	55.37171869180044	0.0	584349	7589.30873426308	1.4089977	1.2
5523.575452868996	1200	53.152121541023206	0.0	670129	6219.597150777233	0.49312234	1.2
5529.608890882595	1200	51.118683527423734	0.0	690253	6033.438013599471	0.6538902	1.2
5534.582807769623	1200	50.14476664039544	0.0	598727	4973.916887028299	0.6015607	1.2
5538.549885035271	1200	50.17768937474791	0.0	487812	3967.0772656475324	0.86406547	1.2
5544.325115666171	1200	48.40245874384837	0.0	575591	5775.23063089953	1.0313096	1.2
5550.768154752239	1200	45.95941965778	0.0	605884	6443.039086068369	0.9236919	1.2
5557.025233640634	1200	43.70234076938544	0.0	587506	6257.078888394564	0.59859174	1.2
5561.565297234649	1200	43.16227717536973	0.0	566904	4540.063594015708	0.7873449	1.2
5566.573307171674	1200	42.15426723834427	0.0	641452	5008.009937025458	0.8970843	1.2
5571.320226266112	1200	41.407348143907925	0.0	599477	4746.919094436344	0.95909536	1.2
5576.481349557418	1200	40.24622485260103	0.0	634861	5161.123291306895	0.8485812	1.2
5581.503050688786	1200	39.22452372123316	0.0	630203	5021.701131367867	0.8794651	1.2
5586.548017042153	1200	38.17955736786612	0.0	638661	5044.966353367045	0.9032328	1.2
5591.651071855709	1200	37.07650255431049	0.0	538612	5103.054813555628	1.1482731	1.2
5597.336119370148	1200	35.39145503987225	0.0	550906	5685.047514438239	1.1063762	1.2

