22096.38087776968	750	4.0	5.84241140162946	450283	5842.41140162946	0.833426	-24.372369027006677
22098.114158515407	300	6.266719254268797	0.0	155580	1733.2807457312028	0.3653169	-0.15000000000000002
22099.31544658449	300	9.065431185188647	0.0	139857	1201.2880690801505	0.22488019	0.3
22100.616660559273	300	11.76421721040178	0.0	155432	1301.2139747868682	0.5604423	0.3
22101.95672873616	300	14.424149033514515	0.0	163442	1340.0681768872635	0.6255307	0.3
22102.963621032693	300	17.417256736982385	0.0	126289	1006.8922965321307	0.83533835	0.3
22104.14713168023	300	20.233746089444637	0.0	153295	1183.5106475377472	0.8411858	0.3
22105.364548427435	300	23.016329342240674	0.0	173849	1217.4167472039626	0.86205333	0.3
22107.90182817459	750	24.479049595089926	0.0	374758	2537.2797471507524	1.0669755	0.3
22110.30164143008	750	26.079236339598214	0.0	362795	2399.8132554917092	0.5138229	0.75
22112.521988309592	750	27.85888946008644	0.0	353220	2220.3468795117733	0.6131051	0.75
22114.99304837361	750	29.38782939606739	0.0	405134	2471.060064019052	0.7330513	0.75
22117.416287496784	750	30.96459027289472	0.0	386351	2423.2391231726647	0.75899255	0.75
22120.28676440519	750	32.0941133644857	0.0	434409	2870.476908409019	0.7859728	0.75
22122.291202441837	750	34.08967532783843	0.0	337059	2004.4380366472722	0.83834916	0.75
22124.34665691454	750	36.034220855137505	0.0	366214	2055.4544727009197	0.8941966	0.75
22126.388513031518	750	37.992364738159594	0.0	360831	2041.8561169779111	0.8950309	0.75
22131.633363779976	1200	36.747513989697694	0.0	581493	5244.850748461908	0.93172055	0.75
22140.752342038537	1200	31.628535731137635	0.0	639204	9118.978258560055	0.23447035	1.2
22151.26814138905	1200	25.1127363806258	0.0	586839	10515.799350511836	0.2637167	1.2
22157.345293639733	1200	23.03558412994034	0.0	601738	6077.152250685459	0.5208519	1.2
22163.79868591976	1200	20.5821918499186	0.0	616206	6453.392280021741	0.46592999	1.2
22169.70472321763	1200	18.67615455204892	0.0	656471	5906.037297869679	0.50165766	1.2
22173.12466583738	1200	19.256211932301536	0.0	536667	3419.9426197473817	0.4367001	1.2
22176.682232806303	1200	19.6986449633755	0.0	587236	3557.566968926036	0.38924903	1.2
22180.785105000206	1200	19.595772769472788	0.0	590335	4102.872193902715	0.38153625	1.2
22184.68188614966	1200	19.69899162002005	0.0	696376	3896.7811494527377	0.5545338	1.2
22187.191075005543	1200	21.18980276413904	0.0	487160	2509.1888558810097	0.34157467	1.2
22191.53336255864	1200	20.847515211040232	0.0	622896	4342.2875530988085	0.275295	1.2
22196.599983639146	1200	19.780894130535046	0.0	641447	5066.621080505187	0.19221148	1.2
22200.49669018222	1200	19.884187587463593	0.0	570392	3896.7065430714533	0.24679899	1.2
22205.357989475186	1200	19.022888294496653	0.0	620283	4861.299292966937	0.21749745	1.2
22210.705133437128	1200	17.67574433255782	0.0	584349	5347.143961938835	0.22713691	1.2
22215.467748446583	1200	16.913129323101465	0.0	670129	4762.615009456356	0.2393774	1.2
22219.913043365636	1200	16.46783440405205	0.0	690253	4445.294919049414	0.23173752	1.2
22224.382404351018	1200	15.998473418669246	0.0	598727	4469.360985382804	0.27411932	1.2
22227.454401813007	1200	16.926475956678836	0.0	487812	3071.997461990413	0.4257019	1.2
22231.37462510296	1200	17.006252666727605	0.0	575591	3920.223289951232	0.40324292	1.2
22236.913300922603	1200	15.467576847083725	0.0	605884	5538.675819643878	0.3887748	1.2
22244.249172179094	1200	12.131705590588933	0.0	587506	7335.871256494794	0.41101354	1.2
22247.67978680674	1200	12.701090962943617	0.0	566904	3430.6146276453155	0.726838	1.2
22251.462513399947	1200	12.918364369737546	0.0	641452	3782.7265932060704	0.43854985	1.2
22254.95496664389	1200	13.425911125793991	0.0	599477	3492.4532439435543	0.4937756	1.2
22258.456543023494	1200	13.924334746192567	0.0	634861	3501.576379601423	0.5226812	1.2
22262.313523346165	1200	14.067354423520229	0.0	630203	3856.9803226723398	0.7055738	1.2
22266.938204723236	1200	13.442673046451295	0.0	638661	4624.681377068934	0.72745603	1.2
22273.806111085596	1200	10.574766684087564	0.0	538612	6867.906362363729	0.88978267	1.2
22283.081174465646	1200	5.299703304038749	0.0	550906	9275.063380048816	0.9037266	1.2

