16469.58557646314	750	4.0	2.322935537655054	450283	2322.935537655054	0.03224628	-9.238622811916732
16473.061840561324	750	4.523735901820231	0.0	398865	3476.264098179768	0.5876833	0.75
16475.717573105583	750	5.868003357558568	0.0	350812	2655.732544261663	0.5978674	0.75
16478.48583636306	750	7.099740100082421	0.0	382355	2768.2632574761474	0.33987704	0.75
16481.096832335716	750	8.488744127426669	0.0	411561	2610.995972655752	0.29778045	0.75
16483.260407518024	750	10.325168945117074	0.0	318564	2163.575182309596	0.55691874	0.75
16485.594131844045	750	11.991444619097747	0.0	352642	2333.724326019327	0.44344816	0.75
16489.01030080126	750	12.575275661883323	0.0	437162	3416.1689572144237	0.27417883	0.75
16491.965471550655	750	13.620104912487811	0.0	374758	2955.17074939551	0.4912035	0.75
16495.072407013286	750	14.51316944986117	0.0	362795	3106.9354626266418	0.32187998	0.75
16497.814568064907	750	15.771008398238942	0.0	353220	2742.161051622228	0.28541094	0.75
16500.311021038946	750	17.27455542419971	0.0	405134	2496.4529740392295	0.3889764	0.75
16502.96833919773	750	18.617237265416836	0.0	386351	2657.318158782877	0.51274383	0.75
16505.91015519442	750	19.67542126872592	0.0	434409	2941.8159966909175	0.434906	0.75
16508.121745454748	750	21.463831008399865	0.0	337059	2211.5902603260542	0.60627043	0.75
16511.33770538898	750	22.247871074165076	0.0	366214	3215.9599342347906	0.6267652	0.75
16514.1816494038	750	23.403927059346948	0.0	360831	2843.9440148181266	0.375521	0.75
16519.792710755275	750	21.79286570787112	0.0	372963	5611.061351475829	0.60525155	0.75
16523.37914518437	750	22.206431278774538	0.0	405596	3586.4344290965823	0.39256635	0.75
16525.3727189033	750	24.212857559844004	0.0	350713	1993.5737189305323	0.43846253	0.75
16526.886689212708	750	26.698887250436208	0.0	386472	1513.9703094077952	0.75750166	0.75
16528.542774490725	750	29.04280197242043	0.0	399894	1656.085278015775	1.0190244	0.75
16534.032454613225	1200	27.55312184992055	0.0	656471	5489.68012249988	0.9793364	0.75
16538.741115214245	1200	26.844461248902522	0.0	536667	4708.660601018028	0.23513174	1.2
16542.08839319145	1200	27.497183271694915	0.0	587236	3347.2779772076096	0.17818171	1.2
16544.799193612835	1200	28.786382850310627	0.0	590335	2710.800421384287	0.23925063	1.2
16547.58532819431	1200	30.000248268837172	0.0	696376	2786.134581473457	0.3263458	1.2
16549.607244046405	1200	31.978332416740923	0.0	487160	2021.9158520962476	0.71164954	1.2
16552.436765191862	1200	33.14881127128273	0.0	622896	2829.5211454581868	0.56230575	1.2
16555.134589032106	1200	34.450987431036204	0.0	641447	2697.8238402465295	0.41206834	1.2
16557.644257565655	1200	35.941318897491634	0.0	570392	2509.668533544572	0.5942571	1.2
16560.130766948947	1200	37.454809514196285	0.0	620283	2486.509383295347	0.64791393	1.2
16562.634092351684	1200	38.95148411145995	0.0	584349	2503.3254027363378	0.95280164	1.2
16565.48797252706	1200	40.097603936087836	0.0	670129	2853.8801753721154	0.9063022	1.2
16568.2919467057	1200	41.293629757444116	0.0	690253	2803.9741786437203	1.0223672	1.2
16570.712643048082	1200	42.872933415062995	0.0	598727	2420.6963423811158	1.1644845	1.2
16572.74097379496	1200	44.844602668182866	0.0	487812	2028.3307468801304	1.3802298	1.2
16575.121106249175	1200	46.4644702139707	0.0	575591	2380.1324542121633	1.3653532	1.2
16583.82000372755	4300	41.76557273559588	0.0	2133870	8698.897478374818	1.3136282	1.1999999999999997
16593.899490510586	4300	35.686085952559196	0.0	2146120	10079.486783036682	0.13577509	4.3
16608.025892229492	4300	25.5596842336535	0.0	2108491	14126.401718905696	0.26434505	4.3
16619.249986254672	4300	18.335590208473054	0.0	2184571	11224.094025180444	1.0214094	4.3
16624.28925982807	1850	17.296316635071808	0.0	886255	5039.273573401245	1.2302938	-0.6000000000000001
16629.61831793507	1850	15.967258528071845	0.0	973972	5329.0581069999635	0.4886462	1.85
16636.042978130434	1850	13.54259833270856	0.0	958994	6424.660195363285	0.59824777	1.85
16640.839884835892	1850	12.745691627251311	0.0	982064	4796.906705457248	0.585434	1.85
16644.35416576978	1850	13.23141069336407	0.0	830730	3514.2809338872416	0.57199335	1.85
16647.955854873868	1850	13.629721589276043	0.0	846370	3601.6891040880278	0.3793273	1.85

