6455.881746997563	750	4.0	8.793419615156727	450283	8793.419615156727	0.6699053	-37.06170434517393
6458.88210830482	300	4.999638692742964	0.0	155580	3000.361307257036	0.11587987	-0.15000000000000002
6461.510844935869	300	6.370902061693952	0.0	139857	2628.7366310490115	0.049365465	0.3
6463.990105900322	300	7.89164109724028	0.0	155432	2479.2609644536724	0.040502563	0.3
6466.400092615697	300	9.481654381865631	0.0	163442	2409.9867153746472	0.11453271	0.3
6468.395578082281	300	11.486168915281535	0.0	126289	1995.4854665840983	0.1264104	0.3
6470.67190367147	300	13.209843326092562	0.0	153295	2276.3255891889726	0.11100302	0.3
6473.214558911323	300	14.667188086239829	0.0	173849	2542.655239852732	0.101593755	0.3
6475.437686305912	300	16.44406069165086	0.0	150710	2223.1273945889648	0.15620713	0.3
6477.445950994675	300	18.435796002888004	0.0	139105	2008.2646887628573	0.17572518	0.3
6479.427080835534	300	20.454666162028737	0.0	141840	1981.1298408592681	0.23157543	0.3
6481.520355536476	300	22.36139146108724	0.0	156148	2093.274700941496	0.18777418	0.3
6483.895753984511	300	23.9859930130511	0.0	160746	2375.3984480361405	0.28908312	0.3
6486.752079833217	300	25.129667164346053	0.0	179801	2856.325848705047	0.21565628	0.3
6488.756047090854	300	27.125699906709723	0.0	140051	2003.9672576363284	0.36061224	0.3
6491.268685781383	300	28.61306121618041	0.0	138313	2512.638690529316	0.2769988	0.3
6493.596914726354	300	30.284832271209286	0.0	143509	2328.228944971123	0.23599662	0.3
6495.6706765706385	300	32.21107042692549	0.0	150616	2073.7618442838	0.27514353	0.3
6498.043245979622	300	33.83850101794149	0.0	165384	2372.5694089839944	0.27797246	0.3
6500.082566095144	300	35.79918090241856	0.0	140881	2039.3201155229278	0.39487588	0.3
6502.6061373500115	300	37.27560964755129	0.0	157671	2523.571254867276	0.34967485	0.3
6505.718861944652	300	38.162885052910696	0.0	157812	3112.7245946405956	0.32071644	0.3
6508.726197638747	300	39.155549358816	0.0	163927	3007.3356940946915	0.2790587	0.3
6510.883317015306	300	40.998429982256795	0.0	137654	2157.119376559213	0.34079424	0.3
6512.88056347571	300	43.00118352185239	0.0	146754	1997.2464604043992	0.3376869	0.3
6515.115928518448	300	44.765818479115175	0.0	153938	2235.365042737222	0.35976994	0.3
6517.746897074281	300	46.13484992328156	0.0	181901	2630.9685558336164	0.3583972	0.3
6519.466724590871	300	48.415022406691016	0.0	111155	1719.8275165905438	0.5667801	0.3
6521.909500946852	300	49.972246050709764	0.0	153605	2442.7763559812547	0.38236728	0.3
6524.2934392900115	300	51.588307707551046	0.0	149029	2383.9383431587175	0.46397054	0.3
6526.78162055578	300	53.10012644178254	0.0	157421	2488.181265768504	0.6116553	0.3
6529.383367479442	300	54.49837951811988	0.0	157488	2601.746923662667	0.5735978	0.3
6531.754358124626	300	56.12738887293584	0.0	143881	2370.9906451840466	0.7046021	0.3
6534.468379856097	300	57.41336714146512	0.0	163444	2714.0217314707093	0.6416682	0.3
6537.314598790741	300	58.56714820682249	0.0	179328	2846.2189346426353	0.73832095	0.3
6539.991509097589	300	59.8902378999736	0.0	159914	2676.9103068488907	0.80852115	0.3
6543.2618919269225	300	59.641637304748414	0.0	131610	2248.6005952251817	0.9921032	0.3
6547.1898773868315	300	59.713651844839696	0.0	124011	1927.985459908719	0.8343886	0.3
6550.535480685128	300	59.530734071350324	0.0	144254	2182.9177734893774	0.98494714	0.3
6553.098696589068	300	59.79046888178395	0.0	149991	1740.265189566374	1.0851214	0.3
6555.939814109623	300	59.8463854976931	0.0	147968	1444.0833840908501	1.5165985	0.3
6559.536257368583	300	59.881680888944544	0.0	161857	1464.7046087485508	1.671548	0.3
6587.517842315974	4300	35.90009594155396	0.0	2121928	27981.584947390587	1.7353432	0.2999999999999998
6614.058314800862	4300	13.35962345666562	0.0	2219102	26540.472484888334	0.47401983	4.3
6625.539582483264	1850	5.878355774263707	0.0	958994	11481.267682401913	1.2623475	-0.6000000000000001
6627.598532370723	300	7.819405886804402	0.0	160064	2058.9498874593055	0.7506002	-1.25
6629.326309278505	300	10.091628979021865	0.0	137507	1727.7769077825358	0.63181096	0.3
6638.540739783636	1850	4.877198473890749	0.0	846370	9214.430505131117	1.4015412	0.30000000000000004

