12857.545465019351	750	4.0	3.9127276647253035	450283	3912.7276647253034	0.31478363	-16.074728958318804
12858.977058039456	300	6.568406979893699	0.0	155580	1431.593020106301	0.72363293	-0.15000000000000002
12860.143558792755	300	9.401906226594866	0.0	139857	1166.500753298834	0.4399462	0.3
12861.292004120514	300	12.253460898835879	0.0	155432	1148.4453277589848	0.7304034	0.3
12862.425272756573	300	15.120192262777211	0.0	163442	1133.2686360586692	0.8899617	0.3
12863.325756034446	300	18.219708984903537	0.0	126289	900.483277873675	1.0888139	0.3
12865.362671157043	750	20.182793862306863	0.0	352642	2036.9151225966734	1.0024971	0.3
12868.593923524073	750	20.951541495277294	0.0	437162	3231.252367029568	0.43443227	0.75
12872.238812580117	750	21.306652439231712	0.0	374758	3644.889056045583	0.5440222	0.75
12876.020150236789	750	21.52531478256003	0.0	362795	3781.337656671681	0.34474856	0.75
12880.576124662977	750	20.969340356371823	0.0	353220	4555.974426188207	0.2904628	0.75
12883.304432831324	750	22.241032188024832	0.0	405134	2728.308168346995	0.32513073	0.75
12885.534431601847	750	24.011033417503633	0.0	386351	2229.998770521197	0.4502956	0.75
12888.161704894997	750	25.383760124352463	0.0	434409	2627.2732931511696	0.5772599	0.75
12890.183794435321	750	27.36167058402976	0.0	337059	2022.0895403227041	0.6577524	0.75
12892.291409221705	750	29.25405579764493	0.0	366214	2107.6147863848278	0.6873776	0.75
12894.323195773652	750	31.222269245698598	0.0	360831	2031.7865519463326	0.72122884	0.75
12897.807522376595	1200	31.737942642755318	0.0	581493	3484.32660294328	0.8753737	0.75
12902.068898306046	1200	31.47656671330548	0.0	639204	4261.375929449837	0.23953503	1.2
12907.2360434041	1200	30.309421615251186	0.0	586839	5167.145098054295	0.21111795	1.2
12915.228374159697	1200	26.31709085965513	0.0	601738	7992.330755596056	0.16411385	1.2
12923.282375951323	1200	22.263089068028766	0.0	616206	8054.001791626364	0.26009163	1.2
12928.719860751718	1200	20.825604267634525	0.0	656471	5437.484800394243	0.41505152	1.2
12933.566586206058	1200	19.97887881329479	0.0	536667	4846.725454339732	0.2592178	1.2
12938.595384164491	1200	18.950080854860712	0.0	587236	5028.797958434078	0.39452744	1.2
12944.150439406623	1200	17.39502561272846	0.0	590335	5555.0552421322545	0.4377814	1.2
12957.726600720991	1200	7.818864298362947	0.0	696376	13576.161314365512	0.64492303	1.2
12960.422192934171	300	9.12327208518362	0.0	111155	2695.592213179327	0.75008184	-0.6000000000000001
12964.208136062638	300	9.337328956714254	0.0	153605	3785.9431284693655	0.14305542	0.3
12966.95299182263	300	10.592473196723677	0.0	149029	2744.855759990579	0.18432531	0.3
12970.593251340177	300	10.952213679177389	0.0	157421	3640.2595175462893	0.18215716	0.3
12974.47910921912	300	11.066355800233215	0.0	157488	3885.857878944175	0.12800302	0.3
12979.518290492688	300	10.027174526665897	0.0	143881	5039.1812735673175	0.098731436	0.3
12985.186839709979	300	8.358625309375496	0.0	163444	5668.5492172904005	0.06608884	0.3
12989.00193692604	300	8.543528093314064	0.0	179328	3815.0972160614324	0.0705355	0.3
12991.546816704373	300	9.998648314982766	0.0	159914	2544.879778331298	0.090617135	0.3
12993.526961403915	300	12.018503615438782	0.0	131610	1980.1446995439828	0.23822555	0.3
12995.22111571715	300	14.324349302203297	0.0	124011	1694.1543132354846	0.20398244	0.3
12996.666253923187	300	16.87921109616593	0.0	144254	1445.1382060373712	0.39747626	0.3
12998.048121586451	300	19.49734343290163	0.0	149991	1381.867663264296	1.0382285	0.3
12999.195563983705	300	22.349901035648408	0.0	147968	1147.4423972532225	1.392538	0.3
13005.316054041263	1200	20.22941097809059	0.0	641452	6120.490057557812	1.4807937	0.29999999999999993
13017.353547491872	1200	12.191917527481841	0.0	599477	12037.493450608752	0.66323936	1.2
13029.907721921623	750	4.0	0.36225690227062113	438281	12554.174429752462	0.93907297	-1.2577046797636708
13034.999766380728	300	4.0	1.0920444591037095	167025	5092.044459103709	0.45198092	-4.845791174145951
13039.43131506991	300	4.0	0.43154868918225386	160064	4431.548689182254	0.17107633	-1.5556593634836915
13043.11113679491	300	4.32017827500067	0.0	137507	3679.8217249993304	0.21725516	0.3
13045.635615587846	300	5.795699482065869	0.0	118421	2524.4787929348004	0.22581454	0.3

