8954.210250503318	750	4.0	1.464606764188326	450283	1464.606764188326	1.6032825	-5.547809086009802
8955.445236698844	750	6.765013804474078	0.0	398865	1234.9861955259219	0.9021041	0.75
8957.425422576815	1200	8.784827926502484	0.0	571051	1980.1858779715953	1.0920498	0.75
8959.49541071019	1200	10.714839793128373	0.0	617681	2069.9881333741114	0.6230493	1.2
8961.590503599198	1200	12.619746904120031	0.0	652874	2095.0928890083405	0.33789688	1.2
8963.302855979155	1200	14.907394524164479	0.0	520315	1712.3523799555517	0.5587379	1.2
8965.016510515732	1200	17.193739987584966	0.0	561791	1713.6545365795157	0.4775624	1.2
8967.200767284552	1200	19.009483218766835	0.0	709534	2184.2567688181284	0.50381577	1.2
8969.58210723265	1200	20.62814327066767	0.0	584846	2381.339948099165	0.77910054	1.2
8972.024937766771	1200	22.18531273654685	0.0	560821	2442.830534120821	0.6308923	1.2
8974.02894880482	1200	24.18130169849937	0.0	607410	2004.0110380474791	0.5924003	1.2
8975.849383641475	1200	26.36086686184518	0.0	594078	1820.4348366541885	0.61727715	1.2
8977.929293435427	1200	28.28095706789277	0.0	624282	2079.9097939524127	0.77501506	1.2
8980.282331054403	1200	29.9279194489159	0.0	687371	2353.037618976867	0.67476726	1.2
8982.205401289866	1200	32.004849213452914	0.0	526950	1923.0702354629882	0.87979853	1.2
8985.761603513574	1200	32.44864698974452	0.0	587876	3556.202223708398	0.82167166	1.2
8990.260439320458	1200	31.94981118286016	0.0	617242	4498.83580688436	0.420151	1.2
8992.98195629528	1200	33.228294208039316	0.0	581493	2721.516974820841	0.29537085	1.2
8995.745342602357	1200	34.4649079009627	0.0	639204	2763.386307076616	0.42521346	1.2
8997.998571533935	1200	36.211678969384735	0.0	586839	2253.2289315779585	0.5931591	1.2
9000.547216479654	1200	37.66303402366712	0.0	601738	2548.64494571761	0.6502235	1.2
9003.664107676585	1200	38.5461428267356	0.0	616206	3116.89119693153	0.56588674	1.2
9006.458877500394	1200	39.75137300292521	0.0	656471	2794.7698238103853	0.44052815	1.2
9008.721931508766	1200	41.488318994552856	0.0	536667	2263.0540083723554	0.56691015	1.2
9011.330456226642	1200	42.87979427667746	0.0	587236	2608.524717875401	0.7577596	1.2
9013.838080807509	1200	44.37216969580977	0.0	590335	2507.624580867691	0.75007963	1.2
9016.94158642258	1200	45.26866408073985	0.0	696376	3103.505615069915	0.74207395	1.2
9019.024142188042	1200	47.18610831527671	0.0	487160	2082.555765463141	0.98419046	1.2
9021.444619318649	1200	48.7656311846694	0.0	622896	2420.4771306073053	0.9516233	1.2
9024.03091253121	1200	50.17933797210819	0.0	641447	2586.2932125612033	1.0762651	1.2
9026.263238260224	1200	51.947012243093226	0.0	570392	2232.3257290149727	1.2587851	1.2
9028.454467969128	1200	53.75578253418882	0.0	620283	2191.229708904408	1.3215054	1.2
9030.77941230606	1200	55.43083819725802	0.0	584349	2324.944336930798	1.4147751	1.2
9039.352727757521	4300	50.857522745796146	0.0	2286761	8573.315451461875	1.3223456	1.1999999999999997
9049.92441536938	4300	44.28583513393771	0.0	2307787	10571.687611858433	0.21959454	4.3
9061.7833464719	4300	36.426904031418786	0.0	2143948	11858.931102518925	0.29281786	4.3
9078.831787295423	4300	23.378463207894967	0.0	1919781	17048.440823523822	0.40194416	4.3
9084.675648748802	1850	21.53460175451683	0.0	938587	5843.861453378133	1.1745315	-0.6000000000000001
9089.856612614865	1850	20.35363788845433	0.0	908665	5180.963866062503	0.55629295	1.85
9095.526616003539	1850	18.683634499779078	0.0	930577	5670.003388675254	0.58654326	1.85
9100.932414235478	1850	17.27783626784115	0.0	858450	5405.798231937925	0.77357155	1.85
9107.340163721978	1850	14.870086781342145	0.0	1025005	6407.749486499006	0.7491815	1.85
9119.624017209224	1850	6.586233294095073	0.0	886255	12283.853487247072	0.46567985	1.85
9125.807425888897	750	4.402824614422454	0.0	438281	6183.408679672619	0.9517802	-0.3500000000000001
9130.965606135014	300	4.0	0.7553556316943614	167025	5158.180246116815	0.77592444	-3.398029216285754
9134.599587288028	300	4.366018846986666	0.0	160064	3633.9811530133334	0.31236508	0.3
9137.687677967759	300	5.277928167255539	0.0	137507	3088.090679731127	0.28214926	0.3
9140.57509193547	300	6.390514199544421	0.0	118421	2887.4139677111184	0.4178989	0.3

