3101.1549648024693	750	4.0	1.5985734190571195	450283	1598.5734190571195	0.825623	-6.123865701945613
3102.9667672733103	750	6.188197529158977	0.0	398865	1811.8024708410228	0.8499991	0.75
3104.7017813135935	750	8.453183488875696	0.0	350812	1735.0140402832803	0.7626138	0.75
3106.498216747294	750	10.6567480551748	0.0	382355	1796.4354337008972	0.83549255	0.75
3108.622331020219	750	12.53263378225028	0.0	411561	2124.1142729245203	0.76929545	0.75
3110.727103397284	1200	14.427861405185551	0.0	520315	2104.772377064728	0.8864523	0.75
3112.420952490842	1200	16.7340123116272	0.0	561791	1693.84909355835	0.27916315	1.2
3114.984519726304	1200	18.17044507616552	0.0	709534	2563.567235461679	0.3503139	1.2
3116.6890713493167	1200	20.46589345315254	0.0	584846	1704.5516230129826	0.4826029	1.2
3118.530444343103	1200	22.624520459366043	0.0	560821	1841.372993786496	0.66776633	1.2
3120.7951660989966	1200	24.359798703472638	0.0	607410	2264.7217558934035	0.67806774	1.2
3123.192228675028	1200	25.96273612744065	0.0	594078	2397.0625760319876	0.55061114	1.2
3125.622454908751	1200	27.5325098937179	0.0	624282	2430.2262337227517	0.48841226	1.2
3128.216114405589	1200	28.93885039687944	0.0	687371	2593.6594968384557	0.5238939	1.2
3129.9028738914676	1200	31.252090911001154	0.0	526950	1686.7594858782863	0.736459	1.2
3132.072835826982	1200	33.08212897548671	0.0	587876	2169.961935514444	0.86171913	1.2
3134.66483319439	1200	34.49013160807841	0.0	617242	2591.997367408303	0.80961686	1.2
3136.8602340562456	1200	36.294730746223095	0.0	581493	2195.4008618553166	0.70809174	1.2
3139.4958895641003	1200	37.6590752383684	0.0	639204	2635.6555078546967	0.6788993	1.2
3142.1588381396846	1200	38.99612666278416	0.0	586839	2662.9485755842475	0.7801511	1.2
3144.5253626495596	1200	40.62960215290889	0.0	601738	2366.524509875261	0.67494583	1.2
3146.943462465392	1200	42.21150233707645	0.0	616206	2418.0998158324355	0.79333186	1.2
3148.6615379487653	1200	44.493426853703205	0.0	656471	1718.075483373247	0.8372779	1.2
3150.8445342875116	1200	46.310430514956956	0.0	536667	2182.9963387462517	1.2496502	1.2
3153.4353818907903	1200	47.7195829116783	0.0	587236	2590.8476032786543	1.1368598	1.2
3156.0300612410706	1200	49.12490356139783	0.0	590335	2594.679350280475	1.0148071	1.2
3159.192714928804	1200	49.96224987366461	0.0	696376	3162.653687733217	0.8776472	1.2
3161.524705575649	1200	51.63025922681958	0.0	487160	2331.99064684503	1.146688	1.2
3164.0907477257783	1200	53.06421707669059	0.0	622896	2566.042150128989	1.1013901	1.2
3166.605251009476	1200	54.54971379299287	0.0	641447	2514.503283697728	1.2835476	1.2
3169.0466255510696	1200	56.10833925139907	0.0	570392	2441.3745415937915	1.4021544	1.2
3171.1789814488984	1200	57.97598335357033	0.0	620283	2132.355897828748	1.358429	1.2
3179.500595395085	4300	53.654369407383875	0.0	2191074	8321.61394618645	1.3609908	1.1999999999999997
3189.26254244751	4300	47.89242235495862	0.0	2286761	9761.947052425265	0.27819487	4.3
3200.218365194795	4300	40.9365996076742	0.0	2307787	10955.822747284425	0.44999218	4.3
3210.9371904671034	4300	34.21777433536552	0.0	2143948	10718.825272308675	0.4445026	4.3
3219.8068056837487	4300	29.34815911871989	0.0	1919781	8869.615216645627	0.63644016	4.3
3225.7260648543743	2850	27.42889994809439	0.0	1499009	5919.2591706255	0.7648871	1.4000000000000001
3230.8507248365913	2850	26.304239965877215	0.0	1427478	5124.659982217175	0.22552805	2.85
3236.139482359285	2850	25.01548244318349	0.0	1402287	5288.757522693726	0.21486923	2.85
3241.539545983638	2850	23.615418818830427	0.0	1339500	5400.063624353061	0.23776585	2.85
3247.4670419019503	2850	21.687922900518185	0.0	1527299	5927.4959183122455	0.38255864	2.85
3253.0184755483915	2850	20.136489254076615	0.0	1343002	5551.433646441567	0.25591567	2.85
3260.00114565071	2850	17.153819151758206	0.0	1587250	6982.6701023184105	0.37355387	2.85
3266.4293925125303	2850	14.725572289937983	0.0	1464921	6428.246861820222	0.45945895	2.85
3272.8005422875003	2850	12.354422514967935	0.0	1483527	6371.149774970048	0.59033024	2.85
3277.900334492262	2850	11.254630310206215	0.0	1231456	5099.79220476172	0.7163451	2.85
3286.610507102316	2850	6.544457700151813	0.0	1364537	8710.172610054402	0.66302	2.85

