7004.403150156165	750	4.0	3.666539248000215	450283	3666.5392480002147	0.7303109	-15.016118766400924
7007.177542124935	750	5.225608031230129	0.0	398865	2774.391968769871	0.7262843	0.75
7010.2955826313	750	6.107567524864779	0.0	350812	3118.04050636535	0.46133512	0.75
7013.120852071726	750	7.282298084438054	0.0	382355	2825.269440426725	0.40475875	0.75
7015.6396132091	750	8.763536947064017	0.0	411561	2518.7611373740374	0.31589055	0.75
7018.084807103703	750	10.318343052461634	0.0	318564	2445.193894602382	0.5572709	0.75
7020.429970591696	750	11.973179564468472	0.0	352642	2345.163487993162	0.32472357	0.75
7022.769714012103	750	13.633436144062323	0.0	437162	2339.7434204061487	0.28265804	0.75
7025.421646476015	750	14.98150368015031	0.0	374758	2651.9324639120127	0.6509013	0.75
7027.497716535288	750	16.905433620876217	0.0	362795	2076.0700592740905	0.43530968	0.75
7029.077012482465	750	19.32613767369961	0.0	353220	1579.2959471766078	0.6141459	0.75
7031.4532894015365	750	20.949860754627842	0.0	405134	2376.2769190717677	0.87643063	0.75
7035.399549371554	750	21.00360078461088	0.0	386351	3946.2599700169644	0.76151633	0.75
7040.642136813382	750	19.761013342781958	0.0	434409	5242.587441828925	0.40631455	0.75
7043.857487462307	750	20.54566269385763	0.0	337059	3215.350648924325	0.57248694	0.75
7047.0826794045015	750	21.3204707516629	0.0	366214	3225.1919421947314	0.5239691	0.75
7049.1258942946215	750	23.277255861543658	0.0	360831	2043.2148901192397	0.33660516	0.75
7051.431186227433	750	24.971963928732276	0.0	372963	2305.291932811383	0.73567766	0.75
7054.461549670581	750	25.94160048558399	0.0	405596	3030.363443148286	0.68956363	0.75
7057.1685912609455	750	27.23455889521906	0.0	350713	2707.0415903649287	0.510365	0.75
7060.011344891089	750	28.391805265075806	0.0	386472	2842.7536301432515	0.60946274	0.75
7063.625460787302	750	28.77768936886298	0.0	399894	3614.11589621283	0.68353087	0.75
7073.05402384055	750	23.349126315614328	0.0	401853	9428.56305324865	0.62374544	0.75
7081.431200081233	750	18.971950074931893	0.0	343800	8377.176240682435	0.6485187	0.75
7085.327794638693	750	19.07535551747172	0.0	359903	3896.5945574601724	0.5902803	0.75
7088.935936756622	750	19.46721339954299	0.0	379700	3608.14211792873	0.36619815	0.75
7092.477073364048	750	19.92607679211645	0.0	425781	3541.1366074265397	0.35589695	0.75
7094.668224533539	750	21.734925622626847	0.0	277716	2191.151169489605	0.49015048	0.75
7097.686011441934	750	22.71713871423168	0.0	400396	3017.786908395165	0.7006706	0.75
7100.373833088978	750	24.029317067187097	0.0	400508	2687.8216470445836	0.35895264	0.75
7102.510032738057	750	25.893117418107952	0.0	358218	2136.199649079147	0.54456747	0.75
7104.402646877824	750	28.00050327834172	0.0	400322	1892.61413976623	0.86613697	0.75
7107.37027990204	1200	29.032870254124706	0.0	584349	2967.633024217015	1.0887251	0.75
7110.603758523161	1200	29.799391633004472	0.0	670129	3233.4786211202377	0.35423884	1.2
7115.028792062165	1200	29.374358094000016	0.0	690253	4425.033539004451	0.43925002	1.2
7119.212642667076	1200	29.19050748908976	0.0	598727	4183.850604910257	0.49975246	1.2
7123.106436817186	1200	29.296713338979355	0.0	487812	3893.794150110402	0.76061124	1.2
7127.184083517835	1200	29.21906663833078	0.0	575591	4077.646700648576	0.46028143	1.2
7131.668874052875	1200	28.734276103289396	0.0	605884	4484.790535041381	0.5206536	1.2
7140.346955948932	1200	24.05619420723267	0.0	587506	8678.081896056727	0.51126355	1.2
7150.276107400801	1200	18.12704275536415	0.0	566904	9929.15145186852	0.54656553	1.2
7164.250018604034	1200	8.153131552130551	0.0	641452	13973.911203233598	0.6169424	1.2
7172.421953623484	750	4.0	0.01880346731850932	372093	8171.935019449061	0.88302773	0.21914509053040993
7176.608730940004	300	4.0	0.18677731651970952	172312	4186.7773165197095	0.27043486	-0.953142461034751
7180.069854577118	300	4.538876362885315	0.0	167025	3461.123637114685	0.06807498	0.3
7183.06203690784	300	5.546694032163793	0.0	160064	2992.182330721522	0.10597824	0.3
7185.31900780492	300	7.28972313508324	0.0	137507	2256.970897080553	0.3225709	0.3
7187.067290136872	300	9.54144080313104	0.0	118421	1748.2823319521995	0.33801895	0.3

