15083.509089984154	750	4.0	2.7039540741785544	450283	2703.9540741785545	0.2483384	-10.877002518967783
15085.532594300556	750	5.976495683599848	0.0	398865	2023.504316400153	0.5626536	0.75
15087.146814068212	750	8.362275915944526	0.0	350812	1614.2197676553199	0.67763126	0.75
15088.856773854674	750	10.652316129483326	0.0	382355	1709.9597864611994	0.805766	0.75
15091.618077803478	750	11.891012180679297	0.0	411561	2761.303948804029	0.84498006	0.75
15094.466838309541	750	13.042251674615965	0.0	318564	2848.7605060633327	0.79532087	0.75
15097.004413710189	750	14.50467627396963	0.0	352642	2537.575400646334	0.5324606	0.75
15101.478749385866	750	14.030340598292385	0.0	437162	4474.335675677246	0.39341623	0.75
15105.289237115885	750	14.219852868273291	0.0	374758	3810.4877300190956	0.53190315	0.75
15107.656410983433	750	15.85267900072589	0.0	362795	2367.173867547399	0.33136368	0.75
15109.819364711326	750	17.689725272832977	0.0	353220	2162.953727892913	0.39337453	0.75
15112.227872384437	750	19.281217599720538	0.0	405134	2408.5076731124386	0.56032175	0.75
15114.381533655082	750	21.12755632907818	0.0	386351	2153.6612706423603	0.5565908	0.75
15116.528834771441	750	22.980255212716933	0.0	434409	2147.3011163612473	0.6096685	0.75
15118.123941929185	750	25.38514805497284	0.0	337059	1595.1071577440941	0.837258	0.75
15120.829337916039	1200	26.67975206811928	0.0	587876	2705.3959868535594	0.91395843	0.75
15123.852849637087	1200	27.656240347071055	0.0	617242	3023.5117210482254	0.29356584	1.2
15128.034959200802	1200	27.474130783354948	0.0	581493	4182.109563716109	0.29142565	1.2
15133.856459759427	1200	25.65263022473055	0.0	639204	5821.500558624397	0.16997877	1.2
15137.714426999122	1200	25.79466298503508	0.0	586839	3857.967239695471	0.16250162	1.2
15140.761221652643	1200	26.74786833151293	0.0	601738	3046.7946535221495	0.1627089	1.2
15148.10617936185	1200	23.402910622305818	0.0	616206	7344.957709207111	0.2702949	1.2
15155.902613227601	1200	19.606476756553196	0.0	656471	7796.433865752626	0.20757079	1.2
15161.73491123234	1200	17.77417875181468	0.0	536667	5832.298004738513	0.31960875	1.2
15165.61749998954	1200	17.891589994615924	0.0	587236	3882.5887571987596	0.35906	1.2
15169.540880973876	1200	17.9682090102784	0.0	590335	3923.380984337524	0.252252	1.2
15174.15080522016	1200	17.358284763994533	0.0	696376	4609.924246283867	0.37895632	1.2
15176.873051159768	1200	18.636038824388404	0.0	487160	2722.2459396061276	0.32566774	1.2
15181.517704323443	1200	17.991385660712353	0.0	622896	4644.653163676053	0.27301538	1.2
15185.841830205565	1200	17.667259778589024	0.0	641447	4324.125882123327	0.30188522	1.2
15191.425384686896	1200	16.083705297258554	0.0	570392	5583.554481330471	0.24769783	1.2
15195.243839548106	1200	16.265250436049666	0.0	620283	3818.4548612088875	0.35833353	1.2
15199.852136673619	1200	15.656953310536238	0.0	584349	4608.297125513426	0.27311343	1.2
15203.606904690403	1200	15.902185293751092	0.0	670129	3754.7680167851468	0.23227817	1.2
15209.889893131432	1200	13.619196852721927	0.0	690253	6282.988441029165	0.2723938	1.2
15219.438151450759	1200	8.070938533395415	0.0	598727	9548.258319326513	0.3713982	1.2
15223.763961900566	750	7.745128083588308	0.0	321064	4325.810449807106	1.029417	0.3
15228.333814136322	750	7.175275847832361	0.0	361565	4569.852235755947	0.56268656	0.75
15231.983599767316	750	7.525490216839503	0.0	378327	3649.7856309928584	0.53411525	0.75
15235.054299362248	750	8.454790621907595	0.0	390680	3070.699594931909	0.63763213	0.75
15237.247385813887	750	10.261704170266864	0.0	345516	2193.0864516407305	0.67515606	0.75
15239.580082814176	750	11.929007169978648	0.0	384505	2332.697000288216	0.8705257	0.75
15241.714823561693	750	13.794266422461678	0.0	372093	2134.74074751697	1.0398362	0.75
15244.880424492801	1200	14.628665491353855	0.0	634861	3165.6009311078233	1.1699065	0.75
15248.082848516084	1200	15.42624146807088	0.0	630203	3202.4240232829748	0.87016606	1.2
15250.949625710884	1200	16.559464273271324	0.0	638661	2866.7771947995543	0.9022672	1.2
15254.717514893135	1850	16.791575091020263	0.0	830730	3767.8891822510623	1.0324699	1.2000000000000002
15258.757918189605	1850	16.75117179455013	0.0	846370	4040.403296470128	0.7959615	1.85

