1354.6406250750097	750	4.0	2.5585548523374078	450283	2558.5548523374077	0.3053609	-10.251785865050852
1357.3756913398256	750	5.264933735184073	0.0	398865	2735.066264815927	0.55355114	0.75
1359.6970042917676	750	6.943620783241986	0.0	350812	2321.3129519420877	0.50399935	0.75
1362.4314640620855	750	8.209161012923804	0.0	382355	2734.459770318182	0.42034185	0.75
1364.5419762060699	750	10.098648868939549	0.0	411561	2110.512143984255	0.3358521	0.75
1366.3152946480259	750	12.32533042698336	0.0	318564	1773.3184419561867	0.80277646	0.75
1368.4378824086575	750	14.202742666351664	0.0	352642	2122.587760631698	0.6883868	0.75
1371.3222070968006	750	15.318417978208599	0.0	437162	2884.3246881430637	0.42617673	0.75
1373.6009035030984	750	17.039721571911063	0.0	374758	2278.6964062975385	0.6854286	0.75
1375.7124444373424	750	18.928180637666905	0.0	362795	2111.5409342441544	0.6824893	0.75
1377.6186047218423	750	21.022020353166976	0.0	353220	1906.1602844999295	0.7416867	0.75
1379.961305784453	750	22.67931929055625	0.0	405134	2342.7010626107253	0.84788406	0.75
1382.5322311494608	750	24.108393925548437	0.0	386351	2570.9253650078153	0.8059325	0.75
1385.884014921541	750	24.756610153468564	0.0	434409	3351.783772079871	0.7519851	0.75
1389.1092387382141	750	25.531386336795308	0.0	337059	3225.223816673255	0.75349474	0.75
1392.6889124080071	750	25.951712667002273	0.0	366214	3579.673669793034	0.63256985	0.75
1395.2883712315315	750	27.352253843477822	0.0	360831	2599.4588235244505	0.46953377	0.75
1398.3659960029752	750	28.274629072034177	0.0	372963	3077.624771443643	0.7603968	0.75
1404.2444697888643	750	26.39615528614517	0.0	405596	5878.4737858890085	0.58073586	0.75
1410.437165544497	750	24.203459530512248	0.0	350713	6192.6957556329235	0.3747347	0.75
1414.7480736512907	750	23.892551423718675	0.0	386472	4310.908106793572	0.47129673	0.75
1418.2735760022392	750	24.367049072770087	0.0	399894	3525.50235094859	0.29341424	0.75
1422.243957987821	750	24.3966670871883	0.0	401853	3970.3819855817856	0.35079056	0.75
1426.3757230224435	750	24.264902052565784	0.0	343800	4131.765034622515	0.29460928	0.75
1429.2745873559877	750	25.36603771902159	0.0	359903	2898.864333544192	0.30067554	0.75
1432.9040309815275	750	25.736594093481834	0.0	379700	3629.4436255397577	0.40818197	0.75
1437.1971927868585	750	25.44343228815088	0.0	425781	4293.161805330954	0.23613872	0.75
1440.0552293078488	750	26.585395767160595	0.0	277716	2858.0365209902875	0.3822928	0.75
1444.2917705737448	750	26.34885450126465	0.0	400396	4236.541265895942	0.41671002	0.75
1449.125509861586	750	25.515115213423577	0.0	400508	4833.739287841071	0.33170742	0.75
1452.5078533447465	750	26.13277173026291	0.0	358218	3382.34348316067	0.39625055	0.75
1455.8074628255883	750	26.833162249421207	0.0	400322	3299.609480841704	0.44595218	0.75
1460.0398530301372	750	26.600772044872322	0.0	369834	4232.390204548883	0.4918839	0.75
1464.7399873709196	750	25.90063770408986	0.0	412837	4700.134340782465	0.3569689	0.75
1468.3273766231441	750	26.313248451865395	0.0	401088	3587.389252224465	0.31834954	0.75
1473.325393426009	750	25.31523164900066	0.0	365161	4998.016802864734	0.53442943	0.75
1477.4366107566238	750	25.204014318385934	0.0	321064	4111.217330614727	0.57104266	0.75
1480.526520647309	750	26.114104427700617	0.0	361565	3089.9098906853155	0.42023718	0.75
1483.3783000889998	750	27.26232498600996	0.0	378327	2851.7794416906563	0.6433165	0.75
1486.0189062123693	750	28.621718862640435	0.0	390680	2640.6061233695245	0.8250356	0.75
1488.5990318966453	750	30.041593178364124	0.0	345516	2580.125684276311	1.1396536	0.75
1491.4618839257168	750	31.178741149292648	0.0	384505	2862.852029071476	0.97821355	0.75
1494.1891593852815	750	32.45146568972786	0.0	372093	2727.2754595647843	1.1376204	0.75
1497.108992776994	750	33.53163229801565	0.0	438281	2919.8333917122086	1.2126827	0.75
1502.7594051918772	1200	31.881219883132427	0.0	630203	5650.412414883227	1.3432313	0.75
1508.1273211932703	1200	30.513303881739166	0.0	638661	5367.916001393264	0.80701035	1.2
1512.6322260653928	1200	30.00839900961679	0.0	538612	4504.904872122375	1.0883396	1.2
1517.143014255256	1200	29.497610819753408	0.0	550906	4510.788189863383	1.0073696	1.2

