3485.8708050772193	750	4.0	6.819045761582508	450283	6819.045761582508	1.3730332	-28.571896774804785
3487.8177807443326	300	6.053024332886424	0.0	155580	1946.975667113577	0.24251756	-0.15000000000000002
3489.3528979486387	300	8.517907128580475	0.0	139857	1535.1172043059482	0.14937407	0.3
3491.030859692484	300	10.83994538473521	0.0	155432	1677.9617438452651	0.29863998	0.3
3492.903191341763	300	12.967613735456158	0.0	163442	1872.3316492790518	0.3185877	0.3
3493.9754980053185	300	15.895307071900806	0.0	126289	1072.3066635553523	0.40568718	0.3
3495.128790327468	300	18.742014749751306	0.0	153295	1153.2923221495007	0.6501248	0.3
3496.3783890342143	300	21.49241604300466	0.0	173849	1249.598706746645	0.8160513	0.3
3497.3026930190385	300	24.56811205818075	0.0	150710	924.303984823914	1.0543567	0.3
3498.792493983749	750	27.078311093470358	0.0	362795	1489.8009647103897	1.0992135	0.3
3500.2074495745924	750	29.663355502626892	0.0	353220	1414.9555908434663	0.8871759	0.75
3503.294892722448	1200	30.575912354771525	0.0	594078	3087.4431478553674	0.93696755	0.75
3506.1742886735865	1200	31.696516403632497	0.0	624282	2879.3959511390276	0.2851208	1.2
3509.162623110032	1200	32.70818196718689	0.0	687371	2988.334436445606	0.24133757	1.2
3511.230667976598	1200	34.64013710062146	0.0	526950	2068.0448665654344	0.40848204	1.2
3513.611133482562	1200	36.25967159465713	0.0	587876	2380.4655059643333	0.5440824	1.2
3516.315314981564	1200	37.55549009565513	0.0	617242	2704.1814990019966	0.59306437	1.2
3518.904037925147	1200	38.966767152072016	0.0	581493	2588.722943583111	0.578065	1.2
3521.6184380848563	1200	40.25236699236279	0.0	639204	2714.4001597092256	0.47831982	1.2
3524.1371016912894	1200	41.73370338592971	0.0	586839	2518.663606433084	0.6452683	1.2
3526.9569227192374	1200	42.91388235798185	0.0	601738	2819.8210279478594	0.6554308	1.2
3533.518265637818	1200	40.35253943940153	0.0	616206	6561.342918580316	0.62442064	1.2
3543.95478630114	1200	33.91601877607965	0.0	656471	10436.520663321877	0.20537867	1.2
3548.1967425125304	1200	33.67406256468898	0.0	536667	4241.956211390668	0.20865946	1.2
3555.2880278716066	1200	30.58277720561276	0.0	587236	7091.285359076221	0.2983093	1.2
3562.096336900078	1200	27.774468177141422	0.0	590335	6808.309028471339	0.208321	1.2
3566.9456617508367	1200	26.92514332638252	0.0	696376	4849.324850758902	0.38548702	1.2
3568.8318620337222	1200	29.038943043496992	0.0	487160	1886.200282885529	0.2920809	1.2
3571.8585744426	1200	30.01223063461946	0.0	622896	3026.712408877532	0.4970253	1.2
3574.9145530987525	1200	30.956251978466934	0.0	641447	3055.978656152525	0.38402098	1.2
3577.600536727781	1200	32.270268349438105	0.0	570392	2685.9836290288276	0.44011998	1.2
3579.9037400289544	1200	33.96706504826488	0.0	620283	2303.2033011732283	0.3332772	1.2
3582.246932782028	1200	35.62387229519112	0.0	584349	2343.1927530737607	0.7708259	1.2
3585.163864055099	1200	36.7069410221205	0.0	670129	2916.9312730706138	0.7706578	1.2
3588.243346681141	1200	37.62745839607882	0.0	690253	3079.4826260416817	0.86184937	1.2
3590.799001002046	1200	39.07180407517342	0.0	598727	2555.6543209054057	0.98587877	1.2
3592.939899171115	1200	40.930905906104634	0.0	487812	2140.898169068782	1.285506	1.2
3595.3949136148253	1200	42.475891462394145	0.0	575591	2455.01444371049	1.2759079	1.2
3599.0835185120322	1200	42.78728656518711	0.0	605884	3688.604897207031	1.3359356	1.2
3610.4524454547686	1200	35.41835962245075	0.0	587506	11368.92694273636	1.194303	1.2
3616.173881094575	1200	33.696923982644556	0.0	566904	5721.435639806196	0.86189437	1.2
3621.805984531841	1200	32.06482054537807	0.0	641452	5632.1034372664835	0.77905774	1.2
3629.4920862185504	1200	28.37871885866915	0.0	599477	7686.101686708925	0.69319785	1.2
3635.0423602787996	1200	26.828444798419664	0.0	634861	5550.274060249485	0.5634244	1.2
3637.9388673667495	1200	27.931937710470113	0.0	630203	2896.5070879495497	0.7005768	1.2
3640.8185288077907	1200	29.05227626942874	0.0	638661	2879.6614410413727	1.109638	1.2
3643.560100920074	1200	30.310704157145295	0.0	538612	2741.5721122834484	1.3152907	1.2
3647.4597825360343	1850	30.411022541185144	0.0	846370	3899.6816159601526	1.2944257	1.2000000000000002

