19661.855971202476	750	4.0	4.722418988271614	450283	4722.418988271614	0.17318195	-19.55640164956794
19663.331577020752	300	6.524394181725228	0.0	155580	1475.6058182747722	0.5828451	-0.15000000000000002
19664.53203776521	300	9.323933437271	0.0	139857	1200.460744454228	0.38570294	0.3
19665.68020363789	300	12.175767564590338	0.0	155432	1148.1658726806618	0.632624	0.3
19666.79719795271	300	15.058773249770114	0.0	163442	1116.9943148202246	0.8429874	0.3
19667.73578671251	300	18.12018448997137	0.0	126289	938.5887597987467	1.0923084	0.3
19669.014142587486	300	20.841828614993144	0.0	153295	1278.3558749782233	0.9615971	0.3
19670.532463249365	300	23.32350795311607	0.0	173849	1518.320661877076	0.8524559	0.3
19673.3851944302	750	24.470776772277624	0.0	374758	2852.7311808384475	0.97201276	0.3
19676.190875293843	750	25.665095908636363	0.0	362795	2805.68086364126	0.45446306	0.75
19679.0342901431	750	26.82168105937989	0.0	353220	2843.4148492564696	0.512545	0.75
19682.66414834919	750	27.19182285328743	0.0	405134	3629.858206092459	0.5467685	0.75
19687.1151710222	750	26.74080018028203	0.0	386351	4451.022673005401	0.3958386	0.75
19691.67104909225	750	26.184922110231923	0.0	434409	4555.878070050104	0.2681636	0.75
19697.037485059773	750	24.818486142707716	0.0	337059	5366.435967524208	0.34137562	0.75
19703.372684420166	750	22.48328678231627	0.0	366214	6335.199360391444	0.31115326	0.75
19708.8260874532	750	21.029883749282018	0.0	360831	5453.403033034255	0.33126512	0.75
19712.349769752214	750	21.50620145026398	0.0	372963	3523.6822990180385	0.38935268	0.75
19715.42420861355	750	22.431762588930457	0.0	405596	3074.4388613335223	0.35105273	0.75
19718.49833811933	750	23.35763308314682	0.0	350713	3074.129505783641	0.34433365	0.75
19724.017814543073	750	21.83815665940696	0.0	386472	5519.47642373986	0.38935116	0.75
19729.925279996667	750	19.930691205810977	0.0	399894	5907.465453595983	0.3209569	0.75
19734.78604437367	750	19.069926828807372	0.0	401853	4860.764377003604	0.3518551	0.75
19739.120952097688	750	18.735019104791736	0.0	343800	4334.907724015636	0.301138	0.75
19743.08395446918	750	18.77201673329871	0.0	359903	3963.0023714930226	0.278686	0.75
19747.30036118862	750	18.55561001385827	0.0	379700	4216.406719440443	0.34576917	0.75
19752.21108497807	750	17.6448862244086	0.0	425781	4910.723789449669	0.3108057	0.75
19756.867035318588	750	16.988935883892562	0.0	277716	4655.950340516039	0.38368917	0.75
19763.42132027464	750	14.434650927839025	0.0	400396	6554.284956053538	0.43365753	0.75
19768.66889399202	750	13.187077210456403	0.0	400508	5247.573717382623	0.65714705	0.75
19773.5953857853	750	12.260585417182234	0.0	358218	4926.491793274168	0.50011504	0.75
19778.970789853698	750	10.88518134878099	0.0	400322	5375.404068401245	0.5633524	0.75
19784.351085869217	750	9.504885333264498	0.0	369834	5380.296015516491	0.5725823	0.75
19791.950842662965	750	5.905128539516796	0.0	412837	7599.7567937477015	0.70311886	0.75
19795.716823784725	300	6.139147417755963	0.0	179328	3765.9811217608326	0.409943	-0.15000000000000002
19799.78295279793	300	6.073018404547603	0.0	159914	4066.1290132083604	0.09686298	0.3
19803.788539027013	300	6.06743217546607	0.0	131610	4005.5862290815326	0.16468515	0.3
19805.98290109802	300	7.873070104457629	0.0	124011	2194.362071008442	0.048379127	0.3
19808.472159174777	300	9.38381202770209	0.0	144254	2489.2580767555396	0.16628449	0.3
19811.82687927994	300	10.029091922541662	0.0	149991	3354.7201051604284	0.18565607	0.3
19815.45000290264	300	10.4059682998401	0.0	147968	3623.123622701562	0.21413839	0.3
19819.544252055704	300	10.311719146772376	0.0	161857	4094.249153067726	0.1586954	0.3
19823.546241446078	300	10.309729756398411	0.0	145210	4001.989390373963	0.26544407	0.3
19828.325821928844	300	9.530149273633567	0.0	172312	4779.580482764845	0.15409502	0.3
19831.854105207414	300	10.001865995065346	0.0	167025	3528.2832785682217	0.22519219	0.3
19834.61354567529	300	11.242425527188082	0.0	160064	2759.4404678772626	0.25798452	0.3
19836.78531646567	300	13.070654736808605	0.0	137507	2171.7707903794776	0.60642	0.3
19838.622205194497	300	15.233766007980355	0.0	118421	1836.8887288282501	0.9258516	0.3

