9142.580514686868	750	4.0	2.005422751396268	450283	2005.4227513962683	0.17834954	-7.873317831003952
9144.814552209384	750	5.765962477485412	0.0	398865	2234.037522514588	0.6978198	0.75
9146.917240990202	750	7.663273696664623	0.0	350812	2102.6887808207885	0.64009094	0.75
9149.127901798714	750	9.452612888153697	0.0	382355	2210.6608085109256	0.5705668	0.75
9151.446357532825	750	11.134157154042203	0.0	411561	2318.4557341114946	0.5607404	0.75
9153.158865429194	750	13.421649257674977	0.0	318564	1712.507896367226	0.83012784	0.75
9155.237827811958	750	15.34268687491009	0.0	352642	2078.9623827648857	0.8482527	0.75
9157.712354554538	750	16.868160132330654	0.0	437162	2474.526742579435	0.50913227	0.75
9159.431504012644	750	19.149010674224325	0.0	374758	1719.1494581063273	0.82701683	0.75
9162.230739095214	750	20.349775591656204	0.0	362795	2799.2350825681206	0.9025465	0.75
9164.495944622558	750	22.08457006431217	0.0	353220	2265.205527344036	0.6412035	0.75
9166.652992738129	750	23.92752194874061	0.0	405134	2157.048115571564	0.8204284	0.75
9168.358724028745	750	26.221790658124554	0.0	386351	1705.731290616053	0.8538393	0.75
9171.458633194567	1200	27.121881492305207	0.0	687371	3099.90916581935	0.9147511	0.75
9173.974018207764	1200	28.60649647910738	0.0	526950	2515.3850131978256	0.30361348	1.2
9176.476841529964	1200	30.103673156907245	0.0	587876	2502.823322200138	0.35887605	1.2
9179.396677893368	1200	31.183836793501694	0.0	617242	2919.836363405548	0.4159724	1.2
9182.307126871821	1200	32.273387815050505	0.0	581493	2910.448978451191	0.3693236	1.2
9185.732651286382	1200	32.847863400488635	0.0	639204	3425.5244145618726	0.33988917	1.2
9189.194051174078	1200	33.386463512792375	0.0	586839	3461.3998876962573	0.36523733	1.2
9192.665809118045	1200	33.91470556882579	0.0	601738	3471.7579439665847	0.31868115	1.2
9196.594594962819	1200	33.98591972405184	0.0	616206	3928.7858447739454	0.3113976	1.2
9200.207349015425	1200	34.373165671443715	0.0	656471	3612.7540526081307	0.2553581	1.2
9203.448677328477	1200	35.131837358393724	0.0	536667	3241.3283130499863	0.34472618	1.2
9208.263825674896	1200	34.31668901197602	0.0	587236	4815.148346417709	0.37481117	1.2
9215.589384626395	1200	30.991130060475324	0.0	590335	7325.558951500691	0.21370953	1.2
9225.802569412479	1200	24.777945274392245	0.0	696376	10213.18478608308	0.22352201	1.2
9229.606187521324	1200	24.97432716554853	0.0	487160	3803.6181088437165	0.37920618	1.2
9234.641784288644	1200	23.938730398226973	0.0	622896	5035.596767321558	0.3020711	1.2
9241.229473890686	1200	21.351040796185437	0.0	641447	6587.689602041535	0.28534564	1.2
9247.585093847447	1200	18.99542083942546	0.0	570392	6355.619956759975	0.36926383	1.2
9253.353693176754	1200	17.226821510117347	0.0	620283	5768.599329308113	0.49650806	1.2
9258.571965553618	1200	16.00854913325448	0.0	584349	5218.272376862867	0.5573388	1.2
9267.025104808585	1200	11.555409878287579	0.0	670129	8453.139254966902	0.6021292	1.2
9274.89671870386	750	7.683795983011305	0.0	401088	7871.613895276274	0.86294675	0.3
9278.350840014225	300	8.229674672646516	0.0	159914	3454.12131036479	0.7724305	-0.15000000000000002
9281.65339046453	300	8.927124222342568	0.0	131610	3302.5504503039465	0.4585733	0.3
9284.553784506208	300	10.026730180664144	0.0	124011	2900.394041678424	0.21597198	0.3
9286.357841509596	300	12.22267317727556	0.0	144254	1804.0570033885851	0.20657374	0.3
9287.723745036497	300	14.856769650373172	0.0	149991	1365.9035269023886	0.498936	0.3
9288.911900960771	300	17.66861372609867	0.0	147968	1188.1559242745027	1.3967376	0.3
9290.185818766644	300	20.39469592022663	0.0	161857	1273.917805872038	1.5278932	0.3
9294.621131233347	1200	19.959383453523515	0.0	599477	4435.312466703113	1.4941131	0.29999999999999993
9299.53366472419	1200	19.04684996268041	0.0	634861	4912.533490843105	0.600979	1.2
9305.003237536537	1200	17.57727715033303	0.0	630203	5469.572812347384	0.7091079	1.2
9310.348531974461	1200	16.23198271240945	0.0	638661	5345.294437923578	0.6589756	1.2
9315.091375141179	1200	15.489139545690385	0.0	538612	4742.843166719067	0.88060147	1.2
9320.328646934542	1200	14.251867752326595	0.0	550906	5237.2717933637905	0.737481	1.2

